The Complete Best Results are saved in 20200407_163440.txt 

    Inputed Truth Table:
------------------------
    inputs
      X    Y   C1   A1   A2   A3
0    0    0    0    1    0    1
1    0    0    1    1    0    1
2    0    1    0    1    0    1
3    0    1    1    1    0    1
4    1    0    0    1    0    1
5    1    0    1    1    0    1
6    1    1    0    1    0    1
7    1    1    1    1    0    1
	outputs
      S   C2    P    G1    G2    G3
0    0    0    0  None  None  None
1    1    0    0  None  None  None
2    1    0    1  None  None  None
3    0    1    1  None  None  None
4    1    0    1  None  None  None
5    0    1    1  None  None  None
6    0    1    0  None  None  None
7    1    1    0  None  None  None

    Configurations:
-------------------
generation size: 100
chromosome size: 7
crossover probability: 0.6
mutation probability: 0.04
memorised number: 10
alpha: 0.91
betta: 0.03
gamma: 0.03
lambda: 0.03
process time: 100
iterations limit: 400

    Results:
------------
                                              chromosome     value            time
0  [[[0, 0], [1, 0], [0, 0], [1, 1], [1, 2], [0, ...  0.222412 00:00:00.165552
1  [[[0, 0], [0, 0], [0, 0], [0, 0], [0, 0], [0, ...  0.222412 00:00:00.165552
2  [[[0, 0], [0, 0], [0, 0], [0, 0], [0, 0], [0, ...  0.188937 00:00:00.165552
3  [[[1, 1], [2, 1], [2, 0], [2, 2], [1, 2], [1, ...  0.188937 00:00:00.165552
4  [[[0, 0], [0, 0], [1, 2], [1, 0], [0, 0], [1, ...  0.188937 00:00:00.165552
5  [[[2, 2], [1, 0], [2, 0], [2, 1], [1, 2], [1, ...  0.188599 00:00:00.165552
9  [[[2, 2], [1, 0], [2, 0], [2, 1], [1, 2], [1, ...  0.188599 00:00:07.074201
6  [[[1, 2], [0, 0], [1, 0], [1, 1], [0, 0], [0, ...  0.187493 00:00:00.165552
7  [[[1, 1], [1, 2], [0, 0], [0, 0], [0, 0], [1, ...  0.187275 00:00:00.165552
8  [[[0, 0], [0, 0], [0, 0], [1, 0], [1, 1], [1, ...  0.186902 00:00:00.165552______________________________________________________

    