The Complete Best Results are saved in 20200312_172242.txt 

    Inputed Truth Table:
------------------------
    inputs
     X  Y  Z  C1  A1  A2  A3
0   0  0  0   0   0   1   0
1   0  0  0   1   0   1   0
2   0  0  1   0   0   1   0
3   0  0  1   1   0   1   0
4   0  1  0   0   0   1   0
5   0  1  0   1   0   1   0
6   0  1  1   0   0   1   0
7   0  1  1   1   0   1   0
8   1  0  0   0   0   1   0
9   1  0  0   1   0   1   0
10  1  0  1   0   0   1   0
11  1  0  1   1   0   1   0
12  1  1  0   0   0   1   0
13  1  1  0   1   0   1   0
14  1  1  1   0   0   1   0
15  1  1  1   1   0   1   0
	outputs
     S  C2  P    G1    G2    G3
0   0   0  0  None  None  None
1   0   0  1  None  None  None
2   0   0  1  None  None  None
3   0   1  0  None  None  None
4   0   0  1  None  None  None
5   0   1  0  None  None  None
6   0   1  0  None  None  None
7   0   1  1  None  None  None
8   0   0  1  None  None  None
9   0   1  0  None  None  None
10  0   1  0  None  None  None
11  0   1  1  None  None  None
12  0   1  0  None  None  None
13  0   1  1  None  None  None
14  0   1  1  None  None  None
15  1   0  0  None  None  None

    Configurations:
-------------------
generation size: 2000
chromosome size: 10
crossover probability: 0.8
mutation probability: 0.08
memorised number: 10
iterations limit: 1000
alpha: 0.91
betta: 0.03
gamma: 0.03
lambda: 0.03
process time: 2400

    Results:
------------
    chromosome #0
[0, 0][0, 0][0, 0][0, 0][0, 0][0, 0][0, 0]
[0, 0][1, 0][1, 2][0, 0][1, 1][0, 0][0, 0]
[0, 0][0, 0][0, 0][0, 0][0, 0][0, 0][0, 0]
[0, 0][0, 0][1, 0][0, 0][0, 0][1, 1][1, 2]
[1, 2][0, 0][1, 0][0, 0][0, 0][0, 0][1, 1]
[0, 0][0, 0][0, 0][0, 0][0, 0][0, 0][0, 0]
[2, 0][1, 1][2, 1][2, 2][1, 0][0, 0][1, 2]
[1, 1][1, 2][2, 0][2, 1][2, 2][0, 0][1, 0]
[0, 0][0, 0][0, 0][0, 0][0, 0][0, 0][0, 0]
[1, 0][2, 0][1, 2][2, 1][2, 2][0, 0][1, 1]
the fitness function value: 0.148209
the searching time: 00:07:42
______________________________________________________
chromosome #1
[0, 0][1, 0][1, 2][1, 1][2, 1][2, 2][2, 0]
[0, 0][0, 0][0, 0][1, 0][0, 0][1, 1][1, 2]
[0, 0][0, 0][0, 0][0, 0][0, 0][0, 0][0, 0]
[1, 2][0, 0][0, 0][0, 0][0, 0][1, 1][1, 0]
[1, 0][0, 0][0, 0][1, 2][0, 0][1, 1][0, 0]
[0, 0][0, 0][1, 1][1, 2][0, 0][1, 0][0, 0]
[2, 2][1, 0][1, 1][1, 2][2, 0][2, 1][0, 0]
[0, 0][0, 0][0, 0][0, 0][0, 0][0, 0][0, 0]
[1, 2][0, 0][1, 0][0, 0][0, 0][0, 0][1, 1]
[0, 0][0, 0][0, 0][0, 0][0, 0][0, 0][0, 0]
the fitness function value: 0.148209
the searching time: 00:08:12
______________________________________________________
chromosome #2
[0, 0][0, 0][0, 0][0, 0][0, 0][0, 0][0, 0]
[0, 0][1, 0][1, 2][0, 0][1, 1][0, 0][0, 0]
[0, 0][0, 0][0, 0][0, 0][0, 0][0, 0][0, 0]
[0, 0][0, 0][1, 0][0, 0][0, 0][1, 1][1, 2]
[1, 2][0, 0][1, 0][0, 0][0, 0][0, 0][1, 1]
[0, 0][0, 0][0, 0][0, 0][0, 0][0, 0][0, 0]
[2, 0][1, 1][2, 1][2, 2][1, 0][0, 0][1, 2]
[1, 1][1, 2][2, 0][2, 1][2, 2][0, 0][1, 0]
[0, 0][0, 0][0, 0][0, 0][0, 0][0, 0][0, 0]
[1, 0][2, 0][1, 2][2, 1][2, 2][0, 0][1, 1]
the fitness function value: 0.148209
the searching time: 00:13:06
______________________________________________________
chromosome #3
[0, 0][0, 0][0, 0][0, 0][0, 0][0, 0][0, 0]
[0, 0][1, 0][1, 2][0, 0][1, 1][0, 0][0, 0]
[0, 0][0, 0][0, 0][0, 0][0, 0][0, 0][0, 0]
[0, 0][0, 0][1, 0][0, 0][0, 0][1, 1][1, 2]
[1, 2][0, 0][1, 0][0, 0][0, 0][0, 0][1, 1]
[0, 0][0, 0][0, 0][0, 0][0, 0][0, 0][0, 0]
[2, 0][1, 1][2, 1][2, 2][1, 0][0, 0][1, 2]
[1, 1][1, 2][2, 0][2, 1][2, 2][0, 0][1, 0]
[0, 0][0, 0][0, 0][0, 0][0, 0][0, 0][0, 0]
[1, 0][2, 0][1, 2][2, 1][2, 2][0, 0][1, 1]
the fitness function value: 0.148209
the searching time: 00:13:15
______________________________________________________
chromosome #4
[0, 0][0, 0][0, 0][0, 0][0, 0][0, 0][0, 0]
[1, 2][2, 0][0, 0][1, 0][1, 1][2, 1][2, 2]
[0, 0][0, 0][0, 0][0, 0][0, 0][0, 0][0, 0]
[1, 1][0, 0][0, 0][0, 0][1, 2][1, 0][0, 0]
[1, 0][0, 0][1, 1][1, 2][2, 0][2, 1][2, 2]
[0, 0][0, 0][0, 0][0, 0][0, 0][0, 0][0, 0]
[0, 0][1, 2][2, 0][1, 1][1, 0][2, 1][2, 2]
[0, 0][0, 0][0, 0][1, 0][0, 0][1, 2][1, 1]
[0, 0][0, 0][0, 0][0, 0][0, 0][0, 0][0, 0]
[1, 0][2, 0][2, 2][2, 1][0, 0][1, 2][1, 1]
the fitness function value: 0.147941
the searching time: 00:19:04
______________________________________________________
chromosome #5
[2, 2][2, 0][0, 0][1, 0][1, 1][1, 2][2, 1]
[0, 0][1, 2][0, 0][1, 1][0, 0][0, 0][1, 0]
[0, 0][0, 0][0, 0][0, 0][0, 0][0, 0][0, 0]
[1, 2][2, 0][1, 0][1, 1][2, 1][2, 2][0, 0]
[0, 0][1, 0][0, 0][1, 1][0, 0][1, 2][0, 0]
[1, 2][0, 0][0, 0][1, 1][1, 0][0, 0][0, 0]
[1, 0][0, 0][1, 2][1, 1][2, 1][2, 0][2, 2]
[0, 0][0, 0][0, 0][0, 0][0, 0][0, 0][0, 0]
[0, 0][0, 0][0, 0][0, 0][0, 0][0, 0][0, 0]
[1, 1][0, 0][0, 0][0, 0][0, 0][1, 2][1, 0]
the fitness function value: 0.147941
the searching time: 00:21:10
______________________________________________________
chromosome #6
[2, 0][0, 0][1, 1][1, 2][2, 1][2, 2][1, 0]
[1, 2][1, 0][1, 1][0, 0][0, 0][0, 0][0, 0]
[0, 0][1, 1][1, 0][0, 0][1, 2][0, 0][0, 0]
[1, 2][0, 0][1, 0][1, 1][0, 0][0, 0][0, 0]
[0, 0][0, 0][0, 0][0, 0][0, 0][0, 0][0, 0]
[0, 0][0, 0][0, 0][0, 0][0, 0][0, 0][0, 0]
[1, 2][2, 1][1, 1][2, 0][2, 2][0, 0][1, 0]
[0, 0][0, 0][1, 1][1, 2][0, 0][1, 0][0, 0]
[0, 0][0, 0][0, 0][0, 0][0, 0][0, 0][0, 0]
[1, 2][2, 1][1, 1][2, 2][1, 0][0, 0][2, 0]
the fitness function value: 0.164191
the searching time: 00:30:16
______________________________________________________
chromosome #7
[1, 0][2, 1][1, 1][2, 2][0, 0][1, 2][2, 0]
[1, 0][1, 2][2, 0][1, 1][2, 1][2, 2][0, 0]
[0, 0][1, 2][1, 0][0, 0][0, 0][1, 1][0, 0]
[1, 0][1, 2][2, 1][2, 2][1, 1][2, 0][0, 0]
[0, 0][0, 0][0, 0][0, 0][0, 0][0, 0][0, 0]
[0, 0][0, 0][0, 0][0, 0][0, 0][0, 0][0, 0]
[0, 0][1, 0][1, 2][1, 1][0, 0][0, 0][0, 0]
[0, 0][0, 0][0, 0][0, 0][0, 0][0, 0][0, 0]
[0, 0][0, 0][0, 0][0, 0][0, 0][0, 0][0, 0]
[0, 0][0, 0][0, 0][0, 0][0, 0][0, 0][0, 0]
the fitness function value: 0.148547
the searching time: 00:32:41
______________________________________________________
chromosome #8
[0, 0][0, 0][0, 0][0, 0][0, 0][0, 0][0, 0]
[1, 0][1, 2][0, 0][0, 0][0, 0][1, 1][0, 0]
[1, 0][1, 1][2, 0][1, 2][0, 0][2, 1][2, 2]
[0, 0][0, 0][0, 0][0, 0][0, 0][0, 0][0, 0]
[0, 0][0, 0][0, 0][0, 0][0, 0][0, 0][0, 0]
[0, 0][1, 0][1, 2][1, 1][0, 0][0, 0][0, 0]
[0, 0][0, 0][0, 0][0, 0][1, 1][1, 2][1, 0]
[0, 0][0, 0][0, 0][0, 0][0, 0][0, 0][0, 0]
[2, 2][1, 2][1, 1][0, 0][1, 0][2, 0][2, 1]
[0, 0][0, 0][1, 1][1, 2][0, 0][0, 0][1, 0]
the fitness function value: 0.148547
the searching time: 00:33:17
______________________________________________________
chromosome #9
[1, 0][0, 0][1, 1][1, 2][0, 0][0, 0][0, 0]
[2, 1][0, 0][2, 2][1, 0][1, 1][1, 2][2, 0]
[0, 0][0, 0][1, 0][0, 0][1, 1][1, 2][0, 0]
[1, 0][0, 0][0, 0][0, 0][1, 1][1, 2][0, 0]
[0, 0][0, 0][0, 0][0, 0][0, 0][0, 0][0, 0]
[0, 0][0, 0][0, 0][0, 0][0, 0][0, 0][0, 0]
[2, 1][2, 2][0, 0][1, 1][1, 0][1, 2][2, 0]
[0, 0][0, 0][0, 0][0, 0][0, 0][0, 0][0, 0]
[0, 0][0, 0][0, 0][0, 0][0, 0][0, 0][0, 0]
[2, 1][1, 0][2, 0][1, 1][1, 2][2, 2][0, 0]
the fitness function value: 0.148209
the searching time: 00:36:26
______________________________________________________

    