The Complete Best Results are saved in 20200309_231744.txt 

    Inputed Truth Table:
------------------------
    inputs
    X  Y  C1  A1  A2  A3
0  0  0   0   1   0   1
1  0  0   1   1   0   1
2  0  1   0   1   0   1
3  0  1   1   1   0   1
4  1  0   0   1   0   1
5  1  0   1   1   0   1
6  1  1   0   1   0   1
7  1  1   1   1   0   1
	outputs
    S  C2  G1 G2 G3 G4
0  0   0   0  X  X  X
1  1   0   0  X  X  X
2  1   0   1  X  X  X
3  0   1   1  X  X  X
4  1   0   1  X  X  X
5  0   1   1  X  X  X
6  0   1   0  X  X  X
7  1   1   0  X  X  X

    Configurations:
-------------------
generation size: 1000
chromosome size: 7
crossover probability: 0.6
mutation probability: 0.02
memorised number: 10
iterations limit: 1000
alpha: 0.91
betta: 0.03
gamma: 0.03
lambda: 0.03
process time: 2


    Results:
------------
    chromosome #0
[0, 0][0, 0][1, 0][1, 1][1, 2][0, 0]
[0, 0][1, 1][1, 2][0, 0][0, 0][1, 0]
[1, 0][1, 2][1, 1][0, 0][0, 0][0, 0]
[1, 0][1, 1][2, 0][2, 1][2, 2][1, 2]
[0, 0][0, 0][0, 0][0, 0][0, 0][0, 0]
[1, 0][2, 1][1, 2][2, 2][1, 1][2, 0]
[2, 1][2, 2][1, 2][2, 0][1, 1][1, 0]
the fitness function value: 0.263003
the searching time: 00:00:00
______________________________________________________
chromosome #1
[1, 1][0, 0][0, 0][1, 2][1, 0][0, 0]
[2, 0][1, 0][1, 2][2, 1][2, 2][1, 1]
[1, 0][2, 0][1, 2][2, 1][2, 2][1, 1]
[2, 1][1, 2][2, 2][2, 0][1, 0][1, 1]
[0, 0][0, 0][0, 0][0, 0][0, 0][0, 0]
[0, 0][1, 0][1, 2][1, 1][0, 0][0, 0]
[0, 0][0, 0][0, 0][0, 0][0, 0][0, 0]
the fitness function value: 0.339174
the searching time: 00:00:00
______________________________________________________
chromosome #2
[1, 1][2, 0][1, 0][1, 2][2, 1][2, 2]
[1, 0][0, 0][0, 0][1, 1][1, 2][0, 0]
[0, 0][0, 0][0, 0][0, 0][0, 0][0, 0]
[0, 0][1, 0][1, 1][1, 2][0, 0][0, 0]
[1, 1][2, 2][1, 0][1, 2][2, 0][2, 1]
[1, 2][0, 0][1, 0][0, 0][0, 0][1, 1]
[0, 0][0, 0][1, 2][1, 1][0, 0][1, 0]
the fitness function value: 0.263341
the searching time: 00:00:00
______________________________________________________
chromosome #3
[0, 0][0, 0][0, 0][0, 0][0, 0][0, 0]
[1, 0][2, 0][2, 1][2, 2][1, 1][1, 2]
[2, 0][1, 0][2, 1][1, 2][1, 1][2, 2]
[1, 1][1, 0][0, 0][0, 0][1, 2][0, 0]
[0, 0][1, 0][0, 0][1, 1][0, 0][1, 2]
[1, 1][1, 2][0, 0][0, 0][1, 0][0, 0]
[2, 0][2, 1][2, 2][1, 1][1, 2][1, 0]
the fitness function value: 0.263003
the searching time: 00:00:01
______________________________________________________
chromosome #4
[0, 0][0, 0][1, 0][1, 1][1, 2][0, 0]
[0, 0][1, 1][1, 2][0, 0][0, 0][1, 0]
[1, 0][1, 2][1, 1][0, 0][0, 0][0, 0]
[1, 0][1, 1][2, 0][2, 1][2, 2][1, 2]
[0, 0][0, 0][0, 0][0, 0][0, 0][0, 0]
[1, 0][2, 1][1, 2][2, 2][1, 1][2, 0]
[2, 1][2, 2][1, 2][2, 0][1, 1][1, 0]
the fitness function value: 0.263003
the searching time: 00:00:01
______________________________________________________
chromosome #5
[1, 2][2, 1][1, 1][2, 2][1, 0][2, 0]
[1, 1][0, 0][1, 0][0, 0][1, 2][0, 0]
[0, 0][0, 0][0, 0][0, 0][0, 0][0, 0]
[2, 0][1, 2][2, 1][1, 0][1, 1][2, 2]
[1, 2][1, 0][2, 0][2, 1][2, 2][1, 1]
[0, 0][0, 0][0, 0][0, 0][0, 0][0, 0]
[2, 2][1, 2][1, 0][1, 1][2, 1][2, 0]
the fitness function value: 0.263003
the searching time: 00:00:01
______________________________________________________
chromosome #6
[2, 1][2, 2][1, 2][1, 0][1, 1][2, 0]
[1, 1][1, 0][1, 2][0, 0][0, 0][0, 0]
[0, 0][0, 0][0, 0][0, 0][0, 0][0, 0]
[0, 0][0, 0][0, 0][0, 0][0, 0][0, 0]
[1, 0][2, 1][1, 2][2, 2][1, 1][2, 0]
[1, 0][1, 2][2, 1][2, 0][1, 1][2, 2]
[2, 1][2, 2][1, 0][1, 1][1, 2][2, 0]
the fitness function value: 0.263003
the searching time: 00:00:01
______________________________________________________
chromosome #7
[0, 0][0, 0][1, 0][1, 1][1, 2][0, 0]
[0, 0][1, 1][1, 2][0, 0][0, 0][1, 0]
[1, 0][1, 2][1, 1][0, 0][0, 0][0, 0]
[1, 0][1, 1][2, 0][2, 1][2, 2][1, 2]
[0, 0][0, 0][0, 0][0, 0][0, 0][0, 0]
[1, 0][2, 1][1, 2][2, 2][1, 1][2, 0]
[2, 1][2, 2][1, 2][2, 0][1, 1][1, 0]
the fitness function value: 0.263003
the searching time: 00:00:01
______________________________________________________
chromosome #8
[0, 0][0, 0][1, 0][1, 1][1, 2][0, 0]
[0, 0][1, 1][1, 2][0, 0][0, 0][1, 0]
[1, 0][1, 2][1, 1][0, 0][0, 0][0, 0]
[1, 0][1, 1][2, 0][2, 1][2, 2][1, 2]
[0, 0][0, 0][0, 0][0, 0][0, 0][0, 0]
[1, 0][2, 1][1, 2][2, 2][1, 1][2, 0]
[2, 1][2, 2][1, 2][2, 0][1, 1][1, 0]
the fitness function value: 0.263003
the searching time: 00:00:01
______________________________________________________
chromosome #9
[1, 0][1, 2][0, 0][0, 0][0, 0][1, 1]
[1, 2][0, 0][1, 1][0, 0][1, 0][0, 0]
[1, 0][0, 0][0, 0][0, 0][1, 1][1, 2]
[2, 0][1, 2][2, 1][2, 2][1, 0][1, 1]
[2, 2][1, 0][1, 1][2, 0][1, 2][2, 1]
[0, 0][0, 0][0, 0][0, 0][0, 0][0, 0]
[1, 1][1, 0][1, 2][0, 0][0, 0][0, 0]
the fitness function value: 0.263341
the searching time: 00:00:02
______________________________________________________

    