The Complete Best Results are saved in 20200404_135937.txt 

    Inputed Truth Table:
------------------------
    inputs
      X    Y   C1   A1   A2   A3
0    0    0    0    1    0    1
1    0    0    1    1    0    1
2    0    1    0    1    0    1
3    0    1    1    1    0    1
4    1    0    0    1    0    1
5    1    0    1    1    0    1
6    1    1    0    1    0    1
7    1    1    1    1    0    1
	outputs
      S   C2    P    G1    G2    G3
0    0    0    0  None  None  None
1    1    0    0  None  None  None
2    1    0    1  None  None  None
3    0    1    1  None  None  None
4    1    0    1  None  None  None
5    0    1    1  None  None  None
6    0    1    0  None  None  None
7    1    1    0  None  None  None

    Configurations:
-------------------
generation size: 100
chromosome size: 7
crossover probability: 0.6
mutation probability: 0.04
memorised number: 10
alpha: 0.91
betta: 0.03
gamma: 0.03
lambda: 0.03
process time: 1
iterations limit: 400

    Results:
------------
                                              chromosome     value            time
0  [[[1, 0], [1, 2], [0, 0], [0, 0], [1, 1], [0, ...  0.190650 00:00:00.104714
1  [[[0, 0], [0, 0], [1, 0], [1, 1], [1, 2], [0, ...  0.187946 00:00:00.104714
2  [[[0, 0], [0, 0], [0, 0], [0, 0], [0, 0], [0, ...  0.187170 00:00:00.104714
3  [[[1, 0], [1, 1], [1, 2], [2, 0], [2, 1], [2, ...  0.186902 00:00:00.104714
4  [[[1, 0], [1, 1], [1, 2], [0, 0], [0, 0], [0, ...  0.186504 00:00:00.104714
5  [[[0, 0], [0, 0], [0, 0], [0, 0], [0, 0], [0, ...  0.168983 00:00:00.104714
6  [[[0, 0], [1, 0], [1, 1], [1, 2], [0, 0], [0, ...  0.168983 00:00:00.104714
9  [[[0, 0], [1, 0], [1, 1], [1, 2], [0, 0], [0, ...  0.168983 00:00:01.083821
7  [[[1, 1], [1, 0], [2, 0], [2, 2], [2, 1], [1, ...  0.166870 00:00:00.104714
8  [[[1, 0], [1, 1], [2, 0], [2, 1], [2, 2], [1, ...  0.166870 00:00:00.104714______________________________________________________

    