The Complete Best Results are saved in 20200320_234136.txt 

    Inputed Truth Table:
------------------------
    inputs
    X  Y  C1  A1  A2  A3
0  0  0   0   1   0   1
1  0  0   1   1   0   1
2  0  1   0   1   0   1
3  0  1   1   1   0   1
4  1  0   0   1   0   1
5  1  0   1   1   0   1
6  1  1   0   1   0   1
7  1  1   1   1   0   1
	outputs
    S  C2  P    G1    G2    G3
0  0   0  0  None  None  None
1  1   0  0  None  None  None
2  1   0  1  None  None  None
3  0   1  1  None  None  None
4  1   0  1  None  None  None
5  0   1  1  None  None  None
6  0   1  0  None  None  None
7  1   1  0  None  None  None

    Configurations:
-------------------
generation size: 9000
chromosome size: 10
crossover probability: 0.6
mutation probability: 0.04
memorised number: 5
alpha: 0.91
betta: 0.03
gamma: 0.03
lambda: 0.03
process time: 600
iterations limit: 1200

    Results:
------------
    chromosome #0
[0, 0][0, 0][0, 0][0, 0][0, 0][0, 0]
[1, 2][2, 0][1, 1][2, 1][2, 2][1, 0]
[0, 0][0, 0][0, 0][0, 0][0, 0][0, 0]
[0, 0][0, 0][0, 0][0, 0][0, 0][0, 0]
[1, 0][1, 2][2, 0][2, 2][2, 1][1, 1]
[1, 2][2, 0][2, 1][1, 0][2, 2][1, 1]
[0, 0][0, 0][0, 0][0, 0][0, 0][0, 0]
[1, 1][1, 2][0, 0][0, 0][0, 0][1, 0]
[0, 0][0, 0][0, 0][0, 0][0, 0][0, 0]
[1, 2][0, 0][0, 0][1, 0][1, 1][0, 0]
the fitness function value: 0.489797
the searching time: 00:00:00
______________________________________________________
chromosome #1
[1, 1][1, 0][0, 0][0, 0][1, 2][0, 0]
[0, 0][0, 0][0, 0][0, 0][0, 0][0, 0]
[0, 0][1, 0][0, 0][1, 1][1, 2][0, 0]
[0, 0][1, 0][0, 0][1, 1][0, 0][1, 2]
[2, 1][1, 2][1, 1][2, 2][1, 0][2, 0]
[1, 1][1, 0][1, 2][2, 0][2, 1][2, 2]
[0, 0][0, 0][0, 0][1, 1][1, 2][1, 0]
[0, 0][0, 0][0, 0][0, 0][0, 0][0, 0]
[0, 0][0, 0][0, 0][0, 0][0, 0][0, 0]
[0, 0][1, 1][1, 2][1, 0][0, 0][0, 0]
the fitness function value: 0.489459
the searching time: 00:00:00
______________________________________________________
chromosome #2
[0, 0][0, 0][0, 0][0, 0][0, 0][0, 0]
[0, 0][0, 0][0, 0][0, 0][0, 0][0, 0]
[1, 2][1, 1][0, 0][0, 0][0, 0][1, 0]
[0, 0][1, 1][1, 2][0, 0][0, 0][1, 0]
[1, 1][1, 2][2, 0][2, 1][2, 2][1, 0]
[0, 0][0, 0][0, 0][0, 0][0, 0][0, 0]
[1, 0][2, 0][1, 1][2, 1][2, 2][1, 2]
[0, 0][0, 0][0, 0][0, 0][0, 0][0, 0]
[0, 0][0, 0][0, 0][0, 0][0, 0][0, 0]
[2, 1][2, 2][1, 1][1, 2][2, 0][1, 0]
the fitness function value: 0.33813
the searching time: 00:00:00
______________________________________________________
chromosome #3
[0, 0][0, 0][0, 0][0, 0][0, 0][0, 0]
[0, 0][0, 0][1, 2][1, 0][1, 1][0, 0]
[0, 0][1, 0][1, 1][0, 0][0, 0][1, 2]
[1, 0][1, 2][1, 1][2, 0][2, 1][2, 2]
[1, 1][1, 2][2, 1][2, 0][2, 2][1, 0]
[2, 1][2, 0][2, 2][1, 0][1, 2][1, 1]
[1, 2][0, 0][1, 0][1, 1][0, 0][0, 0]
[0, 0][1, 1][1, 2][0, 0][0, 0][1, 0]
[0, 0][0, 0][0, 0][0, 0][0, 0][0, 0]
[1, 1][1, 2][0, 0][0, 0][0, 0][1, 0]
the fitness function value: 0.337307
the searching time: 00:00:00
______________________________________________________
chromosome #4
[2, 0][1, 0][1, 1][2, 1][2, 2][1, 2]
[0, 0][0, 0][0, 0][0, 0][0, 0][0, 0]
[0, 0][0, 0][0, 0][0, 0][0, 0][0, 0]
[0, 0][0, 0][0, 0][0, 0][0, 0][0, 0]
[0, 0][1, 2][1, 1][1, 0][0, 0][0, 0]
[0, 0][0, 0][0, 0][0, 0][0, 0][0, 0]
[0, 0][1, 2][0, 0][1, 1][1, 0][0, 0]
[2, 2][1, 0][1, 1][1, 2][2, 0][2, 1]
[1, 1][0, 0][1, 2][0, 0][0, 0][1, 0]
[1, 0][2, 1][2, 2][2, 0][1, 2][1, 1]
the fitness function value: 0.337793
the searching time: 00:00:42
______________________________________________________

    