The Complete Best Results are saved in 20200404_135539.txt 

    Inputed Truth Table:
------------------------
    inputs
      X    Y   C1   A1   A2   A3
0    0    0    0    1    0    1
1    0    0    1    1    0    1
2    0    1    0    1    0    1
3    0    1    1    1    0    1
4    1    0    0    1    0    1
5    1    0    1    1    0    1
6    1    1    0    1    0    1
7    1    1    1    1    0    1
	outputs
      S   C2    P    G1    G2    G3
0    0    0    0  None  None  None
1    1    0    0  None  None  None
2    1    0    1  None  None  None
3    0    1    1  None  None  None
4    1    0    1  None  None  None
5    0    1    1  None  None  None
6    0    1    0  None  None  None
7    1    1    0  None  None  None

    Configurations:
-------------------
generation size: 100
chromosome size: 7
crossover probability: 0.6
mutation probability: 0.04
memorised number: 10
alpha: 0.91
betta: 0.03
gamma: 0.03
lambda: 0.03
process time: 1
iterations limit: 400

    Results:
------------
                                              chromosome     value            time
9  [[[1, 0], [2, 0], [2, 1], [2, 2], [1, 1], [1, ...  0.219708 00:00:01.094766
0  [[[1, 0], [1, 2], [1, 1], [0, 0], [0, 0], [0, ...  0.217503 00:00:00.107697
1  [[[1, 2], [1, 0], [2, 0], [2, 1], [2, 2], [1, ...  0.217235 00:00:00.107697
2  [[[2, 2], [1, 0], [2, 0], [1, 2], [2, 1], [1, ...  0.188537 00:00:00.107697
3  [[[1, 1], [0, 0], [0, 0], [0, 0], [1, 2], [1, ...  0.186902 00:00:00.107697
4  [[[0, 0], [0, 0], [0, 0], [0, 0], [0, 0], [0, ...  0.167708 00:00:00.107697
5  [[[0, 0], [0, 0], [0, 0], [0, 0], [0, 0], [0, ...  0.166870 00:00:00.107697
6  [[[0, 0], [0, 0], [0, 0], [0, 0], [0, 0], [0, ...  0.166279 00:00:00.107697
7  [[[0, 0], [0, 0], [0, 0], [0, 0], [0, 0], [0, ...  0.166279 00:00:00.107697
8  [[[1, 0], [2, 1], [2, 2], [1, 1], [1, 2], [2, ...  0.165841 00:00:00.107697______________________________________________________

    