The Complete Best Results are saved in 20200312_124342.txt 

    Inputed Truth Table:
------------------------
    inputs
    X  Y  C1  A1  A2  A3
0  0  0   0   1   0   0
1  0  0   1   1   0   0
2  0  1   0   1   0   0
3  0  1   1   1   0   0
4  1  0   0   1   0   0
5  1  0   1   1   0   0
6  1  1   0   1   0   0
7  1  1   1   1   0   0
	outputs
    S  C2  P    G1    G2    G3
0  0   0  0  None  None  None
1  1   0  0  None  None  None
2  1   0  1  None  None  None
3  0   1  1  None  None  None
4  1   0  1  None  None  None
5  0   1  1  None  None  None
6  0   1  0  None  None  None
7  1   1  0  None  None  None

    Configurations:
-------------------
generation size: 8000
chromosome size: 10
crossover probability: 0.2
mutation probability: 0.08
memorised number: 100
iterations limit: 1000
alpha: 0.91
betta: 0.03
gamma: 0.03
lambda: 0.03
process time: 1200

    Results:
------------
    chromosome #0
[1, 0][2, 1][2, 2][1, 2][2, 0][1, 1]
[0, 0][0, 0][0, 0][0, 0][0, 0][0, 0]
[0, 0][0, 0][0, 0][0, 0][0, 0][0, 0]
[0, 0][0, 0][0, 0][0, 0][0, 0][0, 0]
[1, 2][2, 0][1, 1][2, 1][1, 0][2, 2]
[2, 2][1, 2][1, 1][2, 1][1, 0][2, 0]
[2, 1][1, 1][2, 2][1, 2][1, 0][2, 0]
[0, 0][0, 0][0, 0][0, 0][0, 0][0, 0]
[0, 0][0, 0][0, 0][0, 0][0, 0][0, 0]
[0, 0][0, 0][0, 0][1, 2][1, 0][1, 1]
the fitness function value: 0.337793
the searching time: 00:00:00
______________________________________________________
chromosome #1
[1, 0][0, 0][0, 0][1, 1][1, 2][0, 0]
[0, 0][0, 0][0, 0][0, 0][0, 0][0, 0]
[0, 0][0, 0][0, 0][0, 0][0, 0][0, 0]
[0, 0][0, 0][0, 0][0, 0][0, 0][0, 0]
[1, 1][1, 0][0, 0][1, 2][0, 0][0, 0]
[0, 0][0, 0][0, 0][0, 0][0, 0][0, 0]
[0, 0][0, 0][0, 0][0, 0][0, 0][0, 0]
[2, 0][1, 1][2, 1][1, 0][2, 2][1, 2]
[1, 0][1, 2][0, 0][1, 1][0, 0][0, 0]
[0, 0][0, 0][1, 1][0, 0][1, 0][1, 2]
the fitness function value: 0.33916
the searching time: 00:00:14
______________________________________________________
chromosome #2
[1, 0][2, 1][2, 2][1, 2][2, 0][1, 1]
[0, 0][0, 0][0, 0][0, 0][0, 0][0, 0]
[0, 0][0, 0][0, 0][0, 0][0, 0][0, 0]
[0, 0][0, 0][0, 0][0, 0][0, 0][0, 0]
[1, 2][2, 0][1, 1][2, 1][1, 0][2, 2]
[2, 2][1, 2][1, 1][2, 1][1, 0][2, 0]
[2, 1][1, 1][2, 2][1, 2][1, 0][2, 0]
[0, 0][0, 0][0, 0][0, 0][0, 0][0, 0]
[0, 0][0, 0][0, 0][0, 0][0, 0][0, 0]
[0, 0][0, 0][0, 0][1, 2][1, 0][1, 1]
the fitness function value: 0.337793
the searching time: 00:00:14
______________________________________________________
chromosome #3
[1, 0][2, 1][2, 2][1, 2][2, 0][1, 1]
[0, 0][0, 0][0, 0][0, 0][0, 0][0, 0]
[0, 0][0, 0][0, 0][0, 0][0, 0][0, 0]
[0, 0][0, 0][0, 0][0, 0][0, 0][0, 0]
[1, 2][2, 0][1, 1][2, 1][1, 0][2, 2]
[2, 2][1, 2][1, 1][2, 1][1, 0][2, 0]
[2, 1][1, 1][2, 2][1, 2][1, 0][2, 0]
[0, 0][0, 0][0, 0][0, 0][0, 0][0, 0]
[0, 0][0, 0][0, 0][0, 0][0, 0][0, 0]
[0, 0][0, 0][0, 0][1, 2][1, 0][1, 1]
the fitness function value: 0.337793
the searching time: 00:00:26
______________________________________________________
chromosome #4
[1, 0][2, 1][2, 2][1, 2][2, 0][1, 1]
[0, 0][0, 0][0, 0][0, 0][0, 0][0, 0]
[0, 0][0, 0][0, 0][0, 0][0, 0][0, 0]
[0, 0][0, 0][0, 0][0, 0][0, 0][0, 0]
[1, 2][2, 0][1, 1][2, 1][1, 0][2, 2]
[2, 2][1, 2][1, 1][2, 1][1, 0][2, 0]
[2, 1][1, 1][2, 2][1, 2][1, 0][2, 0]
[0, 0][0, 0][0, 0][0, 0][0, 0][0, 0]
[0, 0][0, 0][0, 0][0, 0][0, 0][0, 0]
[0, 0][0, 0][0, 0][1, 2][1, 0][1, 1]
the fitness function value: 0.337793
the searching time: 00:00:40
______________________________________________________
chromosome #5
[1, 2][2, 0][1, 1][2, 1][2, 2][1, 0]
[0, 0][0, 0][0, 0][0, 0][0, 0][0, 0]
[0, 0][0, 0][0, 0][0, 0][0, 0][0, 0]
[1, 0][1, 2][2, 1][2, 2][1, 1][2, 0]
[2, 0][2, 1][1, 0][2, 2][1, 2][1, 1]
[0, 0][0, 0][0, 0][0, 0][0, 0][0, 0]
[0, 0][0, 0][0, 0][0, 0][0, 0][0, 0]
[0, 0][0, 0][0, 0][0, 0][0, 0][0, 0]
[1, 2][0, 0][1, 0][0, 0][0, 0][1, 1]
[2, 1][1, 0][1, 1][2, 2][1, 2][2, 0]
the fitness function value: 0.337793
the searching time: 00:00:40
______________________________________________________
chromosome #6
[1, 1][1, 2][0, 0][1, 0][0, 0][0, 0]
[0, 0][0, 0][0, 0][0, 0][0, 0][0, 0]
[1, 2][2, 1][2, 2][1, 1][2, 0][1, 0]
[0, 0][0, 0][0, 0][0, 0][0, 0][0, 0]
[0, 0][0, 0][1, 1][1, 0][1, 2][0, 0]
[0, 0][1, 0][1, 1][1, 2][0, 0][0, 0]
[1, 0][1, 2][0, 0][0, 0][0, 0][1, 1]
[0, 0][0, 0][0, 0][0, 0][0, 0][0, 0]
[1, 1][1, 2][1, 0][0, 0][0, 0][0, 0]
[1, 0][0, 0][0, 0][0, 0][1, 1][1, 2]
the fitness function value: 0.33813
the searching time: 00:00:55
______________________________________________________
chromosome #7
[1, 0][2, 1][2, 2][1, 2][2, 0][1, 1]
[0, 0][0, 0][0, 0][0, 0][0, 0][0, 0]
[0, 0][0, 0][0, 0][0, 0][0, 0][0, 0]
[0, 0][0, 0][0, 0][0, 0][0, 0][0, 0]
[1, 2][2, 0][1, 1][2, 1][1, 0][2, 2]
[2, 2][1, 2][1, 1][2, 1][1, 0][2, 0]
[2, 1][1, 1][2, 2][1, 2][1, 0][2, 0]
[0, 0][0, 0][0, 0][0, 0][0, 0][0, 0]
[0, 0][0, 0][0, 0][0, 0][0, 0][0, 0]
[0, 0][0, 0][0, 0][1, 2][1, 0][1, 1]
the fitness function value: 0.337793
the searching time: 00:00:55
______________________________________________________
chromosome #8
[0, 0][0, 0][0, 0][0, 0][0, 0][0, 0]
[1, 0][0, 0][0, 0][1, 1][1, 2][0, 0]
[2, 1][2, 0][1, 0][2, 2][1, 2][1, 1]
[0, 0][0, 0][0, 0][1, 1][1, 2][1, 0]
[1, 0][1, 1][1, 2][0, 0][0, 0][0, 0]
[0, 0][0, 0][1, 0][1, 1][0, 0][1, 2]
[0, 0][0, 0][0, 0][0, 0][0, 0][0, 0]
[1, 0][0, 0][0, 0][1, 1][0, 0][1, 2]
[0, 0][1, 0][0, 0][0, 0][1, 1][1, 2]
[0, 0][0, 0][0, 0][0, 0][0, 0][0, 0]
the fitness function value: 0.33813
the searching time: 00:01:08
______________________________________________________
chromosome #9
[1, 0][2, 1][2, 2][1, 2][2, 0][1, 1]
[0, 0][0, 0][0, 0][0, 0][0, 0][0, 0]
[0, 0][0, 0][0, 0][0, 0][0, 0][0, 0]
[0, 0][0, 0][0, 0][0, 0][0, 0][0, 0]
[1, 2][2, 0][1, 1][2, 1][1, 0][2, 2]
[2, 2][1, 2][1, 1][2, 1][1, 0][2, 0]
[2, 1][1, 1][2, 2][1, 2][1, 0][2, 0]
[0, 0][0, 0][0, 0][0, 0][0, 0][0, 0]
[0, 0][0, 0][0, 0][0, 0][0, 0][0, 0]
[0, 0][0, 0][0, 0][1, 2][1, 0][1, 1]
the fitness function value: 0.337793
the searching time: 00:01:22
______________________________________________________
chromosome #10
[1, 0][2, 1][2, 2][1, 2][2, 0][1, 1]
[0, 0][0, 0][0, 0][0, 0][0, 0][0, 0]
[0, 0][0, 0][0, 0][0, 0][0, 0][0, 0]
[0, 0][0, 0][0, 0][0, 0][0, 0][0, 0]
[1, 2][2, 0][1, 1][2, 1][1, 0][2, 2]
[2, 2][1, 2][1, 1][2, 1][1, 0][2, 0]
[2, 1][1, 1][2, 2][1, 2][1, 0][2, 0]
[0, 0][0, 0][0, 0][0, 0][0, 0][0, 0]
[0, 0][0, 0][0, 0][0, 0][0, 0][0, 0]
[0, 0][0, 0][0, 0][1, 2][1, 0][1, 1]
the fitness function value: 0.337793
the searching time: 00:01:22
______________________________________________________
chromosome #11
[1, 0][2, 1][2, 2][1, 2][2, 0][1, 1]
[0, 0][0, 0][0, 0][0, 0][0, 0][0, 0]
[0, 0][0, 0][0, 0][0, 0][0, 0][0, 0]
[0, 0][0, 0][0, 0][0, 0][0, 0][0, 0]
[1, 2][2, 0][1, 1][2, 1][1, 0][2, 2]
[2, 2][1, 2][1, 1][2, 1][1, 0][2, 0]
[2, 1][1, 1][2, 2][1, 2][1, 0][2, 0]
[0, 0][0, 0][0, 0][0, 0][0, 0][0, 0]
[0, 0][0, 0][0, 0][0, 0][0, 0][0, 0]
[0, 0][0, 0][0, 0][1, 2][1, 0][1, 1]
the fitness function value: 0.337793
the searching time: 00:01:37
______________________________________________________
chromosome #12
[1, 0][2, 1][2, 2][1, 2][2, 0][1, 1]
[0, 0][0, 0][0, 0][0, 0][0, 0][0, 0]
[0, 0][0, 0][0, 0][0, 0][0, 0][0, 0]
[0, 0][0, 0][0, 0][0, 0][0, 0][0, 0]
[1, 2][2, 0][1, 1][2, 1][1, 0][2, 2]
[2, 2][1, 2][1, 1][2, 1][1, 0][2, 0]
[2, 1][1, 1][2, 2][1, 2][1, 0][2, 0]
[0, 0][0, 0][0, 0][0, 0][0, 0][0, 0]
[0, 0][0, 0][0, 0][0, 0][0, 0][0, 0]
[0, 0][0, 0][0, 0][0, 0][0, 0][0, 0]
the fitness function value: 0.33813
the searching time: 00:01:51
______________________________________________________
chromosome #13
[1, 0][2, 1][2, 2][1, 2][2, 0][1, 1]
[0, 0][0, 0][0, 0][0, 0][0, 0][0, 0]
[0, 0][0, 0][0, 0][0, 0][0, 0][0, 0]
[0, 0][0, 0][0, 0][0, 0][0, 0][0, 0]
[1, 2][2, 0][1, 1][2, 1][1, 0][2, 2]
[2, 2][1, 2][1, 1][2, 1][1, 0][2, 0]
[2, 1][1, 1][2, 2][1, 2][1, 0][2, 0]
[0, 0][0, 0][0, 0][0, 0][0, 0][0, 0]
[0, 0][0, 0][0, 0][0, 0][0, 0][0, 0]
[0, 0][0, 0][0, 0][1, 2][1, 0][1, 1]
the fitness function value: 0.337793
the searching time: 00:02:05
______________________________________________________
chromosome #14
[1, 0][2, 1][2, 2][1, 2][2, 0][1, 1]
[0, 0][0, 0][0, 0][0, 0][0, 0][0, 0]
[0, 0][0, 0][0, 0][0, 0][0, 0][0, 0]
[0, 0][0, 0][0, 0][0, 0][0, 0][0, 0]
[1, 2][2, 0][1, 1][2, 1][1, 0][2, 2]
[2, 2][1, 2][1, 1][2, 1][1, 0][2, 0]
[2, 1][1, 1][2, 2][1, 2][1, 0][2, 0]
[0, 0][0, 0][0, 0][0, 0][0, 0][0, 0]
[0, 0][0, 0][0, 0][0, 0][0, 0][0, 0]
[0, 0][0, 0][0, 0][1, 2][1, 0][1, 1]
the fitness function value: 0.337793
the searching time: 00:02:20
______________________________________________________
chromosome #15
[1, 2][0, 0][0, 0][0, 0][1, 1][1, 0]
[0, 0][0, 0][0, 0][0, 0][0, 0][0, 0]
[0, 0][0, 0][1, 0][1, 1][1, 2][0, 0]
[0, 0][1, 1][0, 0][1, 2][0, 0][1, 0]
[0, 0][1, 1][1, 0][0, 0][1, 2][0, 0]
[2, 2][1, 0][1, 1][1, 2][2, 0][2, 1]
[0, 0][0, 0][0, 0][0, 0][0, 0][0, 0]
[0, 0][0, 0][0, 0][0, 0][0, 0][0, 0]
[1, 0][2, 1][1, 1][1, 2][2, 0][2, 2]
[1, 0][1, 2][0, 0][0, 0][0, 0][1, 1]
the fitness function value: 0.337793
the searching time: 00:02:35
______________________________________________________
chromosome #16
[1, 0][2, 1][2, 2][1, 2][2, 0][1, 1]
[0, 0][0, 0][0, 0][0, 0][0, 0][0, 0]
[0, 0][0, 0][0, 0][0, 0][0, 0][0, 0]
[0, 0][0, 0][0, 0][0, 0][0, 0][0, 0]
[1, 2][2, 0][1, 1][2, 1][1, 0][2, 2]
[2, 2][1, 2][1, 1][2, 1][1, 0][2, 0]
[2, 1][1, 1][2, 2][1, 2][1, 0][2, 0]
[0, 0][0, 0][0, 0][0, 0][0, 0][0, 0]
[0, 0][0, 0][0, 0][0, 0][0, 0][0, 0]
[0, 0][0, 0][0, 0][1, 2][1, 0][1, 1]
the fitness function value: 0.337793
the searching time: 00:02:35
______________________________________________________
chromosome #17
[2, 0][1, 0][1, 1][2, 1][2, 2][1, 2]
[0, 0][1, 0][0, 0][1, 2][0, 0][1, 1]
[0, 0][0, 0][0, 0][0, 0][0, 0][0, 0]
[0, 0][0, 0][0, 0][0, 0][0, 0][0, 0]
[0, 0][0, 0][0, 0][0, 0][0, 0][0, 0]
[1, 0][0, 0][1, 2][1, 1][0, 0][0, 0]
[1, 2][1, 0][2, 0][2, 1][2, 2][1, 1]
[0, 0][0, 0][0, 0][0, 0][0, 0][0, 0]
[1, 0][0, 0][0, 0][1, 2][0, 0][1, 1]
[0, 0][0, 0][0, 0][0, 0][0, 0][0, 0]
the fitness function value: 0.338569
the searching time: 00:02:48
______________________________________________________
chromosome #18
[1, 0][2, 1][2, 2][1, 2][2, 0][1, 1]
[0, 0][0, 0][0, 0][0, 0][0, 0][0, 0]
[0, 0][0, 0][0, 0][0, 0][0, 0][0, 0]
[0, 0][0, 0][0, 0][0, 0][0, 0][0, 0]
[1, 2][2, 0][1, 1][2, 1][1, 0][2, 2]
[2, 2][1, 2][1, 1][2, 1][1, 0][2, 0]
[2, 1][1, 1][2, 2][1, 2][1, 0][2, 0]
[0, 0][0, 0][0, 0][0, 0][0, 0][0, 0]
[0, 0][0, 0][0, 0][0, 0][0, 0][0, 0]
[0, 0][0, 0][0, 0][1, 2][1, 0][1, 1]
the fitness function value: 0.337793
the searching time: 00:03:03
______________________________________________________
chromosome #19
[1, 1][2, 0][1, 2][2, 1][2, 2][1, 0]
[1, 0][1, 1][0, 0][1, 2][0, 0][0, 0]
[0, 0][0, 0][1, 2][1, 0][1, 1][0, 0]
[0, 0][0, 0][0, 0][0, 0][0, 0][0, 0]
[0, 0][0, 0][0, 0][0, 0][0, 0][0, 0]
[0, 0][0, 0][0, 0][0, 0][0, 0][0, 0]
[1, 0][2, 1][2, 2][1, 2][1, 1][2, 0]
[2, 1][2, 2][1, 0][1, 1][1, 2][2, 0]
[1, 2][0, 0][1, 1][0, 0][0, 0][1, 0]
[0, 0][0, 0][0, 0][0, 0][0, 0][0, 0]
the fitness function value: 0.489459
the searching time: 00:03:19
______________________________________________________
chromosome #20
[1, 0][2, 1][2, 2][1, 2][2, 0][1, 1]
[0, 0][0, 0][0, 0][0, 0][0, 0][0, 0]
[0, 0][0, 0][0, 0][0, 0][0, 0][0, 0]
[0, 0][0, 0][0, 0][0, 0][0, 0][0, 0]
[1, 2][2, 0][1, 1][2, 1][1, 0][2, 2]
[2, 2][1, 2][1, 1][2, 1][1, 0][2, 0]
[2, 1][1, 1][2, 2][1, 2][1, 0][2, 0]
[0, 0][0, 0][0, 0][0, 0][0, 0][0, 0]
[0, 0][0, 0][0, 0][0, 0][0, 0][0, 0]
[0, 0][0, 0][0, 0][1, 2][1, 0][1, 1]
the fitness function value: 0.337793
the searching time: 00:03:19
______________________________________________________
chromosome #21
[1, 2][2, 0][1, 1][2, 1][2, 2][1, 0]
[0, 0][0, 0][0, 0][0, 0][0, 0][0, 0]
[0, 0][0, 0][0, 0][0, 0][0, 0][0, 0]
[1, 0][1, 2][2, 1][2, 2][1, 1][2, 0]
[2, 0][2, 1][1, 0][2, 2][1, 2][1, 1]
[0, 0][0, 0][1, 0][1, 1][1, 2][0, 0]
[0, 0][0, 0][0, 0][0, 0][0, 0][0, 0]
[0, 0][0, 0][0, 0][0, 0][0, 0][0, 0]
[0, 0][0, 0][0, 0][0, 0][0, 0][0, 0]
[2, 1][1, 0][1, 1][2, 2][1, 2][2, 0]
the fitness function value: 0.337793
the searching time: 00:03:19
______________________________________________________
chromosome #22
[1, 0][0, 0][0, 0][1, 1][1, 2][0, 0]
[0, 0][0, 0][0, 0][0, 0][0, 0][0, 0]
[0, 0][0, 0][0, 0][0, 0][0, 0][0, 0]
[0, 0][0, 0][0, 0][0, 0][0, 0][0, 0]
[1, 1][1, 0][0, 0][1, 2][0, 0][0, 0]
[0, 0][0, 0][0, 0][0, 0][0, 0][0, 0]
[0, 0][0, 0][0, 0][0, 0][0, 0][0, 0]
[0, 0][0, 0][0, 0][1, 1][1, 2][1, 0]
[2, 0][2, 2][2, 1][1, 0][1, 2][1, 1]
[0, 0][0, 0][1, 2][1, 0][0, 0][1, 1]
the fitness function value: 0.33916
the searching time: 00:03:34
______________________________________________________
chromosome #23
[1, 2][2, 0][1, 1][2, 1][2, 2][1, 0]
[0, 0][0, 0][0, 0][0, 0][0, 0][0, 0]
[0, 0][0, 0][0, 0][0, 0][0, 0][0, 0]
[1, 0][1, 2][2, 1][2, 2][1, 1][2, 0]
[2, 0][2, 1][1, 0][2, 2][1, 2][1, 1]
[0, 0][0, 0][1, 0][1, 1][1, 2][0, 0]
[0, 0][0, 0][0, 0][0, 0][0, 0][0, 0]
[0, 0][0, 0][0, 0][0, 0][0, 0][0, 0]
[0, 0][1, 0][1, 1][0, 0][0, 0][1, 2]
[0, 0][0, 0][0, 0][1, 0][1, 2][1, 1]
the fitness function value: 0.489459
the searching time: 00:03:49
______________________________________________________
chromosome #24
[0, 0][0, 0][0, 0][0, 0][0, 0][0, 0]
[1, 1][2, 0][1, 2][2, 2][2, 1][1, 0]
[0, 0][0, 0][0, 0][0, 0][0, 0][0, 0]
[0, 0][1, 2][0, 0][1, 0][1, 1][0, 0]
[2, 0][1, 1][1, 2][2, 1][1, 0][2, 2]
[2, 1][2, 2][1, 0][1, 1][2, 0][1, 2]
[2, 2][2, 0][1, 1][2, 1][1, 2][1, 0]
[0, 0][1, 1][0, 0][1, 2][0, 0][1, 0]
[2, 1][1, 2][2, 2][1, 0][1, 1][2, 0]
[1, 2][1, 0][1, 1][2, 0][2, 2][2, 1]
the fitness function value: 0.488512
the searching time: 00:03:49
______________________________________________________
chromosome #25
[1, 0][2, 1][2, 2][1, 2][2, 0][1, 1]
[0, 0][0, 0][0, 0][0, 0][0, 0][0, 0]
[0, 0][0, 0][0, 0][0, 0][0, 0][0, 0]
[0, 0][0, 0][0, 0][0, 0][0, 0][0, 0]
[1, 2][2, 0][1, 1][2, 1][1, 0][2, 2]
[2, 2][1, 2][1, 1][2, 1][1, 0][2, 0]
[2, 1][1, 1][2, 2][1, 2][1, 0][2, 0]
[0, 0][0, 0][0, 0][0, 0][0, 0][0, 0]
[0, 0][0, 0][0, 0][0, 0][0, 0][0, 0]
[0, 0][0, 0][0, 0][1, 2][1, 0][1, 1]
the fitness function value: 0.337793
the searching time: 00:03:49
______________________________________________________
chromosome #26
[1, 0][2, 1][2, 2][1, 2][2, 0][1, 1]
[0, 0][0, 0][0, 0][0, 0][0, 0][0, 0]
[0, 0][0, 0][0, 0][0, 0][0, 0][0, 0]
[0, 0][0, 0][0, 0][0, 0][0, 0][0, 0]
[1, 2][2, 0][1, 1][2, 1][1, 0][2, 2]
[2, 2][1, 2][1, 1][2, 1][1, 0][2, 0]
[2, 1][1, 1][2, 2][1, 2][1, 0][2, 0]
[0, 0][0, 0][0, 0][0, 0][0, 0][0, 0]
[0, 0][0, 0][0, 0][0, 0][0, 0][0, 0]
[0, 0][0, 0][0, 0][1, 2][1, 0][1, 1]
the fitness function value: 0.337793
the searching time: 00:04:03
______________________________________________________
chromosome #27
[1, 0][1, 2][2, 2][1, 1][2, 0][2, 1]
[0, 0][0, 0][0, 0][0, 0][0, 0][0, 0]
[0, 0][0, 0][0, 0][0, 0][0, 0][0, 0]
[2, 2][1, 0][1, 1][2, 0][1, 2][2, 1]
[1, 1][0, 0][1, 2][0, 0][1, 0][0, 0]
[1, 1][2, 1][2, 2][1, 2][1, 0][2, 0]
[1, 2][0, 0][1, 1][0, 0][0, 0][1, 0]
[0, 0][0, 0][0, 0][0, 0][0, 0][0, 0]
[2, 2][1, 0][1, 2][1, 1][2, 1][2, 0]
[0, 0][0, 0][0, 0][0, 0][0, 0][0, 0]
the fitness function value: 0.489191
the searching time: 00:04:19
______________________________________________________
chromosome #28
[1, 0][1, 2][0, 0][0, 0][0, 0][1, 1]
[0, 0][1, 0][1, 1][1, 2][0, 0][0, 0]
[1, 0][2, 2][2, 0][1, 1][2, 1][1, 2]
[0, 0][1, 2][0, 0][1, 0][0, 0][1, 1]
[0, 0][0, 0][0, 0][0, 0][0, 0][0, 0]
[0, 0][0, 0][0, 0][0, 0][0, 0][0, 0]
[0, 0][0, 0][0, 0][0, 0][0, 0][0, 0]
[0, 0][0, 0][0, 0][1, 0][1, 1][1, 2]
[0, 0][0, 0][0, 0][0, 0][0, 0][0, 0]
[1, 2][2, 1][1, 1][2, 2][2, 0][1, 0]
the fitness function value: 0.33813
the searching time: 00:04:50
______________________________________________________
chromosome #29
[2, 0][1, 2][1, 1][2, 1][2, 2][1, 0]
[0, 0][0, 0][1, 0][1, 1][0, 0][1, 2]
[1, 1][0, 0][0, 0][1, 2][0, 0][1, 0]
[1, 1][1, 2][0, 0][0, 0][1, 0][0, 0]
[0, 0][0, 0][0, 0][0, 0][0, 0][0, 0]
[0, 0][0, 0][0, 0][0, 0][0, 0][0, 0]
[2, 0][2, 2][1, 0][2, 1][1, 1][1, 2]
[0, 0][0, 0][0, 0][0, 0][0, 0][0, 0]
[0, 0][0, 0][0, 0][0, 0][0, 0][0, 0]
[1, 1][2, 0][2, 1][2, 2][1, 0][1, 2]
the fitness function value: 0.337793
the searching time: 00:05:06
______________________________________________________
chromosome #30
[1, 0][2, 1][2, 2][1, 2][2, 0][1, 1]
[0, 0][0, 0][0, 0][0, 0][0, 0][0, 0]
[0, 0][0, 0][0, 0][0, 0][0, 0][0, 0]
[0, 0][0, 0][0, 0][0, 0][0, 0][0, 0]
[1, 2][2, 0][1, 1][2, 1][1, 0][2, 2]
[2, 2][1, 2][1, 1][2, 1][1, 0][2, 0]
[2, 1][1, 1][2, 2][1, 2][1, 0][2, 0]
[0, 0][0, 0][0, 0][0, 0][0, 0][0, 0]
[0, 0][0, 0][0, 0][0, 0][0, 0][0, 0]
[0, 0][0, 0][0, 0][1, 2][1, 0][1, 1]
the fitness function value: 0.337793
the searching time: 00:05:06
______________________________________________________
chromosome #31
[0, 0][0, 0][0, 0][0, 0][0, 0][0, 0]
[0, 0][0, 0][0, 0][1, 2][1, 0][1, 1]
[1, 1][1, 2][1, 0][0, 0][0, 0][0, 0]
[0, 0][1, 0][0, 0][1, 2][1, 1][0, 0]
[0, 0][0, 0][0, 0][0, 0][0, 0][0, 0]
[0, 0][0, 0][0, 0][1, 1][1, 0][1, 2]
[0, 0][0, 0][0, 0][0, 0][0, 0][0, 0]
[1, 0][1, 1][2, 1][1, 2][2, 2][2, 0]
[0, 0][0, 0][0, 0][0, 0][0, 0][0, 0]
[1, 1][1, 0][1, 2][2, 0][2, 1][2, 2]
the fitness function value: 0.33813
the searching time: 00:05:22
______________________________________________________
chromosome #32
[1, 0][2, 1][2, 2][1, 2][2, 0][1, 1]
[0, 0][0, 0][0, 0][0, 0][0, 0][0, 0]
[0, 0][0, 0][0, 0][0, 0][0, 0][0, 0]
[0, 0][0, 0][0, 0][0, 0][0, 0][0, 0]
[1, 2][2, 0][1, 1][2, 1][1, 0][2, 2]
[2, 2][1, 2][1, 1][2, 1][1, 0][2, 0]
[2, 1][1, 1][2, 2][1, 2][1, 0][2, 0]
[0, 0][0, 0][0, 0][0, 0][0, 0][0, 0]
[0, 0][0, 0][0, 0][0, 0][0, 0][0, 0]
[0, 0][0, 0][0, 0][1, 2][1, 0][1, 1]
the fitness function value: 0.337793
the searching time: 00:05:22
______________________________________________________
chromosome #33
[1, 0][2, 1][2, 2][1, 2][2, 0][1, 1]
[0, 0][0, 0][0, 0][0, 0][0, 0][0, 0]
[0, 0][0, 0][0, 0][0, 0][0, 0][0, 0]
[0, 0][0, 0][0, 0][0, 0][0, 0][0, 0]
[1, 2][2, 0][1, 1][2, 1][1, 0][2, 2]
[2, 2][1, 2][1, 1][2, 1][1, 0][2, 0]
[2, 1][1, 1][2, 2][1, 2][1, 0][2, 0]
[0, 0][0, 0][0, 0][0, 0][0, 0][0, 0]
[0, 0][0, 0][0, 0][0, 0][0, 0][0, 0]
[0, 0][0, 0][0, 0][1, 2][1, 0][1, 1]
the fitness function value: 0.337793
the searching time: 00:05:37
______________________________________________________
chromosome #34
[1, 0][2, 1][2, 2][1, 2][2, 0][1, 1]
[0, 0][0, 0][0, 0][0, 0][0, 0][0, 0]
[0, 0][0, 0][0, 0][0, 0][0, 0][0, 0]
[0, 0][0, 0][0, 0][0, 0][0, 0][0, 0]
[1, 2][2, 0][1, 1][2, 1][1, 0][2, 2]
[2, 2][1, 2][1, 1][2, 1][1, 0][2, 0]
[2, 1][1, 1][2, 2][1, 2][1, 0][2, 0]
[0, 0][0, 0][0, 0][0, 0][0, 0][0, 0]
[0, 0][0, 0][0, 0][0, 0][0, 0][0, 0]
[0, 0][0, 0][0, 0][1, 2][1, 0][1, 1]
the fitness function value: 0.337793
the searching time: 00:05:53
______________________________________________________
chromosome #35
[0, 0][0, 0][0, 0][0, 0][0, 0][0, 0]
[1, 2][0, 0][1, 1][1, 0][0, 0][0, 0]
[0, 0][0, 0][0, 0][0, 0][0, 0][0, 0]
[2, 1][1, 0][1, 1][1, 2][2, 0][2, 2]
[0, 0][1, 2][0, 0][1, 0][1, 1][0, 0]
[0, 0][0, 0][0, 0][0, 0][0, 0][0, 0]
[0, 0][1, 1][1, 2][0, 0][1, 0][0, 0]
[0, 0][0, 0][0, 0][0, 0][0, 0][0, 0]
[1, 1][1, 2][1, 0][0, 0][0, 0][0, 0]
[1, 1][0, 0][0, 0][1, 2][0, 0][1, 0]
the fitness function value: 0.338569
the searching time: 00:06:10
______________________________________________________
chromosome #36
[0, 0][0, 0][0, 0][0, 0][0, 0][0, 0]
[0, 0][1, 0][0, 0][1, 1][1, 2][0, 0]
[1, 0][0, 0][1, 1][1, 2][0, 0][0, 0]
[0, 0][0, 0][1, 0][1, 1][1, 2][0, 0]
[0, 0][0, 0][0, 0][0, 0][0, 0][0, 0]
[2, 0][2, 2][2, 1][1, 1][1, 0][1, 2]
[0, 0][0, 0][0, 0][1, 1][1, 0][1, 2]
[1, 2][0, 0][0, 0][0, 0][1, 0][1, 1]
[0, 0][0, 0][0, 0][0, 0][0, 0][0, 0]
[2, 1][2, 0][2, 2][1, 2][1, 1][1, 0]
the fitness function value: 0.337793
the searching time: 00:06:10
______________________________________________________
chromosome #37
[1, 0][2, 1][2, 2][1, 2][2, 0][1, 1]
[0, 0][0, 0][0, 0][0, 0][0, 0][0, 0]
[0, 0][0, 0][0, 0][0, 0][0, 0][0, 0]
[0, 0][0, 0][0, 0][0, 0][0, 0][0, 0]
[1, 2][2, 0][1, 1][2, 1][1, 0][2, 2]
[2, 2][1, 2][1, 1][2, 1][1, 0][2, 0]
[2, 1][1, 1][2, 2][1, 2][1, 0][2, 0]
[0, 0][0, 0][0, 0][0, 0][0, 0][0, 0]
[0, 0][0, 0][0, 0][0, 0][0, 0][0, 0]
[0, 0][0, 0][0, 0][1, 2][1, 0][1, 1]
the fitness function value: 0.337793
the searching time: 00:06:10
______________________________________________________
chromosome #38
[1, 2][2, 0][1, 1][2, 1][2, 2][1, 0]
[0, 0][0, 0][0, 0][0, 0][0, 0][0, 0]
[0, 0][0, 0][0, 0][0, 0][0, 0][0, 0]
[1, 0][1, 2][2, 1][2, 2][1, 1][2, 0]
[2, 0][2, 1][1, 0][2, 2][1, 2][1, 1]
[0, 0][0, 0][1, 0][1, 1][1, 2][0, 0]
[0, 0][0, 0][0, 0][0, 0][0, 0][0, 0]
[0, 0][0, 0][0, 0][0, 0][0, 0][0, 0]
[1, 2][0, 0][1, 0][0, 0][0, 0][1, 1]
[2, 1][1, 0][1, 1][2, 2][1, 2][2, 0]
the fitness function value: 0.337525
the searching time: 00:06:10
______________________________________________________
chromosome #39
[1, 0][0, 0][0, 0][1, 1][1, 2][0, 0]
[0, 0][0, 0][0, 0][0, 0][0, 0][0, 0]
[0, 0][0, 0][0, 0][0, 0][0, 0][0, 0]
[0, 0][0, 0][0, 0][0, 0][0, 0][0, 0]
[1, 1][1, 0][0, 0][1, 2][0, 0][0, 0]
[0, 0][0, 0][0, 0][0, 0][0, 0][0, 0]
[0, 0][0, 0][0, 0][0, 0][0, 0][0, 0]
[2, 0][1, 1][2, 1][1, 0][2, 2][1, 2]
[1, 0][1, 2][0, 0][1, 1][0, 0][0, 0]
[0, 0][0, 0][1, 1][0, 0][1, 0][1, 2]
the fitness function value: 0.33916
the searching time: 00:06:27
______________________________________________________
chromosome #40
[1, 0][2, 1][2, 2][1, 2][2, 0][1, 1]
[0, 0][0, 0][0, 0][0, 0][0, 0][0, 0]
[0, 0][0, 0][0, 0][0, 0][0, 0][0, 0]
[0, 0][0, 0][0, 0][0, 0][0, 0][0, 0]
[1, 2][2, 0][1, 1][2, 1][1, 0][2, 2]
[2, 2][1, 2][1, 1][2, 1][1, 0][2, 0]
[2, 1][1, 1][2, 2][1, 2][1, 0][2, 0]
[0, 0][0, 0][0, 0][0, 0][0, 0][0, 0]
[0, 0][0, 0][0, 0][0, 0][0, 0][0, 0]
[0, 0][0, 0][0, 0][1, 2][1, 0][1, 1]
the fitness function value: 0.337793
the searching time: 00:06:27
______________________________________________________
chromosome #41
[1, 0][2, 1][2, 2][1, 2][2, 0][1, 1]
[0, 0][0, 0][0, 0][0, 0][0, 0][0, 0]
[0, 0][0, 0][0, 0][0, 0][0, 0][0, 0]
[0, 0][0, 0][0, 0][0, 0][0, 0][0, 0]
[1, 2][2, 0][1, 1][2, 1][1, 0][2, 2]
[2, 2][1, 2][1, 1][2, 1][1, 0][2, 0]
[2, 1][1, 1][2, 2][1, 2][1, 0][2, 0]
[0, 0][0, 0][0, 0][0, 0][0, 0][0, 0]
[0, 0][0, 0][0, 0][0, 0][0, 0][0, 0]
[0, 0][0, 0][0, 0][1, 2][1, 0][1, 1]
the fitness function value: 0.337793
the searching time: 00:06:27
______________________________________________________
chromosome #42
[1, 2][2, 0][1, 1][2, 1][2, 2][1, 0]
[0, 0][0, 0][0, 0][0, 0][0, 0][0, 0]
[0, 0][0, 0][0, 0][0, 0][0, 0][0, 0]
[1, 0][1, 2][2, 1][2, 2][1, 1][2, 0]
[2, 0][2, 1][1, 0][2, 2][1, 2][1, 1]
[0, 0][0, 0][1, 0][1, 1][1, 2][0, 0]
[0, 0][0, 0][0, 0][0, 0][0, 0][0, 0]
[0, 0][0, 0][0, 0][0, 0][0, 0][0, 0]
[1, 2][0, 0][1, 0][0, 0][0, 0][1, 1]
[2, 1][1, 0][1, 1][2, 2][1, 2][2, 0]
the fitness function value: 0.337525
the searching time: 00:06:27
______________________________________________________
chromosome #43
[1, 1][0, 0][0, 0][1, 2][0, 0][1, 0]
[0, 0][1, 0][0, 0][1, 1][1, 2][0, 0]
[1, 0][0, 0][1, 1][1, 2][0, 0][0, 0]
[0, 0][0, 0][1, 0][1, 1][1, 2][0, 0]
[0, 0][0, 0][0, 0][0, 0][0, 0][0, 0]
[2, 0][2, 2][2, 1][1, 1][1, 0][1, 2]
[0, 0][0, 0][0, 0][1, 1][1, 0][1, 2]
[1, 2][0, 0][0, 0][0, 0][1, 0][1, 1]
[0, 0][0, 0][0, 0][0, 0][0, 0][0, 0]
[2, 1][2, 0][2, 2][1, 2][1, 1][1, 0]
the fitness function value: 0.337525
the searching time: 00:06:27
______________________________________________________
chromosome #44
[1, 0][0, 0][0, 0][1, 1][1, 2][0, 0]
[0, 0][0, 0][0, 0][0, 0][0, 0][0, 0]
[0, 0][0, 0][0, 0][0, 0][0, 0][0, 0]
[0, 0][0, 0][0, 0][0, 0][0, 0][0, 0]
[1, 1][1, 0][0, 0][1, 2][0, 0][0, 0]
[0, 0][0, 0][0, 0][0, 0][0, 0][0, 0]
[0, 0][0, 0][0, 0][0, 0][0, 0][0, 0]
[2, 0][1, 1][2, 1][1, 0][2, 2][1, 2]
[1, 0][1, 2][0, 0][1, 1][0, 0][0, 0]
[0, 0][0, 0][1, 1][0, 0][1, 0][1, 2]
the fitness function value: 0.33916
the searching time: 00:06:45
______________________________________________________
chromosome #45
[1, 0][2, 1][2, 2][1, 2][2, 0][1, 1]
[0, 0][0, 0][0, 0][0, 0][0, 0][0, 0]
[0, 0][0, 0][0, 0][0, 0][0, 0][0, 0]
[0, 0][0, 0][0, 0][0, 0][0, 0][0, 0]
[1, 2][2, 0][1, 1][2, 1][1, 0][2, 2]
[2, 2][1, 2][1, 1][2, 1][1, 0][2, 0]
[2, 1][1, 1][2, 2][1, 2][1, 0][2, 0]
[0, 0][0, 0][0, 0][0, 0][0, 0][0, 0]
[0, 0][0, 0][0, 0][0, 0][0, 0][0, 0]
[0, 0][0, 0][0, 0][1, 2][1, 0][1, 1]
the fitness function value: 0.337793
the searching time: 00:06:45
______________________________________________________
chromosome #46
[1, 0][2, 1][2, 2][1, 2][2, 0][1, 1]
[0, 0][0, 0][0, 0][0, 0][0, 0][0, 0]
[0, 0][0, 0][0, 0][0, 0][0, 0][0, 0]
[0, 0][0, 0][0, 0][0, 0][0, 0][0, 0]
[1, 2][2, 0][1, 1][2, 1][1, 0][2, 2]
[2, 2][1, 2][1, 1][2, 1][1, 0][2, 0]
[2, 1][1, 1][2, 2][1, 2][1, 0][2, 0]
[0, 0][0, 0][0, 0][0, 0][0, 0][0, 0]
[0, 0][0, 0][0, 0][0, 0][0, 0][0, 0]
[0, 0][0, 0][0, 0][1, 2][1, 0][1, 1]
the fitness function value: 0.337793
the searching time: 00:06:45
______________________________________________________
chromosome #47
[1, 2][2, 0][1, 1][2, 1][2, 2][1, 0]
[0, 0][0, 0][0, 0][0, 0][0, 0][0, 0]
[0, 0][0, 0][0, 0][0, 0][0, 0][0, 0]
[1, 0][1, 2][2, 1][2, 2][1, 1][2, 0]
[2, 0][2, 1][1, 0][2, 2][1, 2][1, 1]
[0, 0][0, 0][1, 0][1, 1][1, 2][0, 0]
[0, 0][0, 0][0, 0][0, 0][0, 0][0, 0]
[0, 0][0, 0][0, 0][0, 0][0, 0][0, 0]
[1, 2][0, 0][1, 0][0, 0][0, 0][1, 1]
[2, 1][1, 0][1, 1][2, 2][1, 2][2, 0]
the fitness function value: 0.337525
the searching time: 00:06:45
______________________________________________________
chromosome #48
[1, 1][0, 0][0, 0][1, 2][0, 0][1, 0]
[0, 0][1, 0][0, 0][1, 1][1, 2][0, 0]
[1, 0][0, 0][1, 1][1, 2][0, 0][0, 0]
[0, 0][0, 0][1, 0][1, 1][1, 2][0, 0]
[0, 0][0, 0][0, 0][0, 0][0, 0][0, 0]
[2, 0][2, 2][2, 1][1, 1][1, 0][1, 2]
[0, 0][0, 0][0, 0][1, 1][1, 0][1, 2]
[1, 2][0, 0][0, 0][0, 0][1, 0][1, 1]
[0, 0][0, 0][0, 0][0, 0][0, 0][0, 0]
[2, 1][2, 0][2, 2][1, 2][1, 1][1, 0]
the fitness function value: 0.337525
the searching time: 00:06:45
______________________________________________________
chromosome #49
[1, 0][0, 0][0, 0][1, 1][1, 2][0, 0]
[0, 0][0, 0][0, 0][0, 0][0, 0][0, 0]
[0, 0][0, 0][0, 0][0, 0][0, 0][0, 0]
[0, 0][0, 0][0, 0][0, 0][0, 0][0, 0]
[1, 1][1, 0][0, 0][1, 2][0, 0][0, 0]
[0, 0][0, 0][0, 0][0, 0][0, 0][0, 0]
[0, 0][0, 0][0, 0][0, 0][0, 0][0, 0]
[2, 0][1, 1][2, 1][1, 0][2, 2][1, 2]
[1, 0][1, 2][0, 0][1, 1][0, 0][0, 0]
[0, 0][0, 0][1, 1][0, 0][1, 0][1, 2]
the fitness function value: 0.33916
the searching time: 00:07:02
______________________________________________________
chromosome #50
[1, 0][2, 1][2, 2][1, 2][2, 0][1, 1]
[0, 0][0, 0][0, 0][0, 0][0, 0][0, 0]
[0, 0][0, 0][0, 0][0, 0][0, 0][0, 0]
[0, 0][0, 0][0, 0][0, 0][0, 0][0, 0]
[1, 2][2, 0][1, 1][2, 1][1, 0][2, 2]
[2, 2][1, 2][1, 1][2, 1][1, 0][2, 0]
[2, 1][1, 1][2, 2][1, 2][1, 0][2, 0]
[0, 0][0, 0][0, 0][0, 0][0, 0][0, 0]
[0, 0][0, 0][0, 0][0, 0][0, 0][0, 0]
[0, 0][0, 0][0, 0][1, 2][1, 0][1, 1]
the fitness function value: 0.337793
the searching time: 00:07:02
______________________________________________________
chromosome #51
[1, 2][2, 0][1, 1][2, 1][2, 2][1, 0]
[0, 0][0, 0][0, 0][0, 0][0, 0][0, 0]
[0, 0][0, 0][0, 0][0, 0][0, 0][0, 0]
[1, 0][1, 2][2, 1][2, 2][1, 1][2, 0]
[2, 0][2, 1][1, 0][2, 2][1, 2][1, 1]
[0, 0][0, 0][1, 0][1, 1][1, 2][0, 0]
[0, 0][0, 0][0, 0][0, 0][0, 0][0, 0]
[0, 0][0, 0][0, 0][0, 0][0, 0][0, 0]
[1, 2][0, 0][1, 0][0, 0][0, 0][1, 1]
[2, 1][1, 0][1, 1][2, 2][1, 2][2, 0]
the fitness function value: 0.337525
the searching time: 00:07:02
______________________________________________________
chromosome #52
[1, 1][0, 0][0, 0][1, 2][0, 0][1, 0]
[0, 0][1, 0][0, 0][1, 1][1, 2][0, 0]
[1, 0][0, 0][1, 1][1, 2][0, 0][0, 0]
[0, 0][0, 0][1, 0][1, 1][1, 2][0, 0]
[0, 0][0, 0][0, 0][0, 0][0, 0][0, 0]
[2, 0][2, 2][2, 1][1, 1][1, 0][1, 2]
[0, 0][0, 0][0, 0][1, 1][1, 0][1, 2]
[1, 2][0, 0][0, 0][0, 0][1, 0][1, 1]
[0, 0][0, 0][0, 0][0, 0][0, 0][0, 0]
[2, 1][2, 0][2, 2][1, 2][1, 1][1, 0]
the fitness function value: 0.337525
the searching time: 00:07:02
______________________________________________________
chromosome #53
[1, 0][2, 1][2, 2][1, 2][2, 0][1, 1]
[0, 0][0, 0][0, 0][0, 0][0, 0][0, 0]
[0, 0][0, 0][0, 0][0, 0][0, 0][0, 0]
[0, 0][0, 0][0, 0][0, 0][0, 0][0, 0]
[1, 2][2, 0][1, 1][2, 1][1, 0][2, 2]
[2, 2][1, 2][1, 1][2, 1][1, 0][2, 0]
[2, 1][1, 1][2, 2][1, 2][1, 0][2, 0]
[0, 0][0, 0][0, 0][0, 0][0, 0][0, 0]
[0, 0][0, 0][0, 0][0, 0][0, 0][0, 0]
[1, 2][2, 2][2, 0][2, 1][1, 0][1, 1]
the fitness function value: 0.337525
the searching time: 00:07:16
______________________________________________________
chromosome #54
[1, 2][2, 0][1, 1][2, 1][2, 2][1, 0]
[0, 0][0, 0][0, 0][0, 0][0, 0][0, 0]
[0, 0][0, 0][0, 0][0, 0][0, 0][0, 0]
[1, 0][1, 2][2, 1][2, 2][1, 1][2, 0]
[2, 0][2, 1][1, 0][2, 2][1, 2][1, 1]
[0, 0][0, 0][1, 0][1, 1][1, 2][0, 0]
[0, 0][0, 0][0, 0][0, 0][0, 0][0, 0]
[0, 0][0, 0][0, 0][0, 0][0, 0][0, 0]
[1, 2][0, 0][1, 0][0, 0][0, 0][1, 1]
[2, 1][1, 0][1, 1][2, 2][1, 2][2, 0]
the fitness function value: 0.337525
the searching time: 00:07:16
______________________________________________________
chromosome #55
[2, 1][1, 0][2, 2][1, 1][1, 2][2, 0]
[0, 0][0, 0][1, 1][0, 0][1, 0][1, 2]
[2, 0][2, 1][1, 2][2, 2][1, 0][1, 1]
[0, 0][0, 0][0, 0][0, 0][0, 0][0, 0]
[0, 0][0, 0][0, 0][0, 0][0, 0][0, 0]
[0, 0][0, 0][0, 0][1, 1][1, 2][1, 0]
[1, 1][2, 0][1, 0][2, 1][1, 2][2, 2]
[0, 0][0, 0][0, 0][0, 0][0, 0][0, 0]
[0, 0][0, 0][0, 0][0, 0][0, 0][0, 0]
[1, 2][2, 0][2, 1][1, 1][2, 2][1, 0]
the fitness function value: 0.337525
the searching time: 00:07:32
______________________________________________________
chromosome #56
[1, 2][2, 0][1, 1][2, 1][2, 2][1, 0]
[0, 0][0, 0][0, 0][0, 0][0, 0][0, 0]
[0, 0][0, 0][0, 0][0, 0][0, 0][0, 0]
[1, 0][1, 2][2, 1][2, 2][1, 1][2, 0]
[2, 0][2, 1][1, 0][2, 2][1, 2][1, 1]
[0, 0][0, 0][1, 0][1, 1][1, 2][0, 0]
[0, 0][0, 0][0, 0][0, 0][0, 0][0, 0]
[0, 0][0, 0][0, 0][0, 0][0, 0][0, 0]
[1, 2][0, 0][1, 0][0, 0][0, 0][1, 1]
[2, 1][1, 0][1, 1][2, 2][1, 2][2, 0]
the fitness function value: 0.337525
the searching time: 00:07:32
______________________________________________________
chromosome #57
[1, 0][2, 1][2, 2][1, 2][2, 0][1, 1]
[0, 0][0, 0][0, 0][0, 0][0, 0][0, 0]
[0, 0][0, 0][0, 0][0, 0][0, 0][0, 0]
[0, 0][0, 0][0, 0][0, 0][0, 0][0, 0]
[1, 2][2, 0][1, 1][2, 1][1, 0][2, 2]
[2, 2][1, 2][1, 1][2, 1][1, 0][2, 0]
[2, 1][1, 1][2, 2][1, 2][1, 0][2, 0]
[0, 0][0, 0][0, 0][0, 0][0, 0][0, 0]
[0, 0][0, 0][0, 0][0, 0][0, 0][0, 0]
[0, 0][0, 0][0, 0][1, 2][1, 0][1, 1]
the fitness function value: 0.337793
the searching time: 00:07:47
______________________________________________________
chromosome #58
[1, 0][2, 1][2, 2][1, 2][2, 0][1, 1]
[0, 0][0, 0][0, 0][0, 0][0, 0][0, 0]
[0, 0][0, 0][0, 0][0, 0][0, 0][0, 0]
[0, 0][0, 0][0, 0][0, 0][0, 0][0, 0]
[1, 2][2, 0][1, 1][2, 1][1, 0][2, 2]
[2, 2][1, 2][1, 1][2, 1][1, 0][2, 0]
[2, 1][1, 1][2, 2][1, 2][1, 0][2, 0]
[0, 0][0, 0][0, 0][0, 0][0, 0][0, 0]
[0, 0][0, 0][0, 0][0, 0][0, 0][0, 0]
[0, 0][0, 0][0, 0][1, 2][1, 0][1, 1]
the fitness function value: 0.337793
the searching time: 00:08:02
______________________________________________________
chromosome #59
[0, 0][0, 0][0, 0][1, 1][1, 0][1, 2]
[0, 0][0, 0][0, 0][0, 0][0, 0][0, 0]
[1, 1][2, 2][1, 2][1, 0][2, 0][2, 1]
[0, 0][1, 0][1, 2][1, 1][0, 0][0, 0]
[0, 0][1, 0][1, 2][0, 0][1, 1][0, 0]
[0, 0][1, 1][1, 2][1, 0][0, 0][0, 0]
[1, 0][0, 0][0, 0][1, 1][0, 0][1, 2]
[1, 2][1, 0][0, 0][0, 0][1, 1][0, 0]
[0, 0][0, 0][0, 0][0, 0][0, 0][0, 0]
[0, 0][0, 0][1, 1][1, 0][1, 2][0, 0]
the fitness function value: 0.337793
the searching time: 00:09:27
______________________________________________________
chromosome #60
[1, 0][0, 0][0, 0][1, 2][0, 0][1, 1]
[0, 0][0, 0][0, 0][0, 0][0, 0][0, 0]
[1, 1][0, 0][1, 2][0, 0][0, 0][1, 0]
[0, 0][1, 1][1, 0][0, 0][1, 2][0, 0]
[2, 0][2, 1][2, 2][1, 1][1, 0][1, 2]
[1, 1][2, 2][1, 0][2, 0][1, 2][2, 1]
[2, 0][1, 2][2, 1][2, 2][1, 0][1, 1]
[0, 0][0, 0][0, 0][0, 0][0, 0][0, 0]
[0, 0][0, 0][0, 0][0, 0][0, 0][0, 0]
[0, 0][0, 0][0, 0][0, 0][0, 0][0, 0]
the fitness function value: 0.337793
the searching time: 00:12:13
______________________________________________________
chromosome #61
[1, 0][0, 0][0, 0][1, 2][0, 0][1, 1]
[0, 0][0, 0][0, 0][0, 0][0, 0][0, 0]
[0, 0][0, 0][0, 0][1, 0][1, 1][1, 2]
[0, 0][0, 0][0, 0][0, 0][0, 0][0, 0]
[0, 0][0, 0][1, 0][0, 0][1, 1][1, 2]
[1, 1][1, 0][0, 0][1, 2][0, 0][0, 0]
[1, 0][1, 1][1, 2][2, 0][2, 1][2, 2]
[2, 0][2, 1][2, 2][1, 0][1, 1][1, 2]
[0, 0][0, 0][0, 0][0, 0][0, 0][0, 0]
[1, 0][1, 1][1, 2][0, 0][0, 0][0, 0]
the fitness function value: 0.337793
the searching time: 00:12:27
______________________________________________________
chromosome #62
[1, 0][2, 1][2, 2][1, 2][2, 0][1, 1]
[0, 0][0, 0][0, 0][0, 0][0, 0][0, 0]
[0, 0][0, 0][0, 0][0, 0][0, 0][0, 0]
[0, 0][0, 0][0, 0][0, 0][0, 0][0, 0]
[1, 2][2, 0][1, 1][2, 1][1, 0][2, 2]
[2, 2][1, 2][1, 1][2, 1][1, 0][2, 0]
[2, 1][1, 1][2, 2][1, 2][1, 0][2, 0]
[0, 0][0, 0][0, 0][0, 0][0, 0][0, 0]
[0, 0][0, 0][0, 0][0, 0][0, 0][0, 0]
[0, 0][0, 0][0, 0][1, 2][1, 0][1, 1]
the fitness function value: 0.337793
the searching time: 00:12:27
______________________________________________________
chromosome #63
[1, 0][0, 0][0, 0][1, 1][1, 2][0, 0]
[0, 0][0, 0][0, 0][0, 0][0, 0][0, 0]
[0, 0][0, 0][0, 0][0, 0][0, 0][0, 0]
[0, 0][0, 0][0, 0][0, 0][0, 0][0, 0]
[1, 1][1, 0][0, 0][1, 2][0, 0][0, 0]
[0, 0][0, 0][0, 0][0, 0][0, 0][0, 0]
[0, 0][0, 0][0, 0][0, 0][0, 0][0, 0]
[2, 0][1, 1][2, 1][1, 0][2, 2][1, 2]
[1, 0][1, 2][0, 0][1, 1][0, 0][0, 0]
[0, 0][0, 0][1, 1][0, 0][1, 0][1, 2]
the fitness function value: 0.33916
the searching time: 00:12:43
______________________________________________________
chromosome #64
[0, 0][1, 0][0, 0][1, 1][1, 2][0, 0]
[1, 0][1, 2][2, 1][1, 1][2, 2][2, 0]
[1, 1][1, 2][2, 0][2, 2][2, 1][1, 0]
[1, 1][1, 0][2, 1][2, 0][2, 2][1, 2]
[0, 0][0, 0][0, 0][0, 0][0, 0][0, 0]
[0, 0][0, 0][0, 0][0, 0][0, 0][0, 0]
[0, 0][0, 0][1, 1][1, 2][1, 0][0, 0]
[0, 0][0, 0][0, 0][0, 0][0, 0][0, 0]
[1, 1][1, 0][1, 2][0, 0][0, 0][0, 0]
[0, 0][0, 0][0, 0][0, 0][0, 0][0, 0]
the fitness function value: 0.337793
the searching time: 00:12:43
______________________________________________________
chromosome #65
[1, 0][2, 1][2, 2][1, 2][2, 0][1, 1]
[0, 0][0, 0][0, 0][0, 0][0, 0][0, 0]
[0, 0][0, 0][0, 0][0, 0][0, 0][0, 0]
[0, 0][0, 0][0, 0][0, 0][0, 0][0, 0]
[1, 2][2, 0][1, 1][2, 1][1, 0][2, 2]
[2, 2][1, 2][1, 1][2, 1][1, 0][2, 0]
[2, 1][1, 1][2, 2][1, 2][1, 0][2, 0]
[0, 0][0, 0][0, 0][0, 0][0, 0][0, 0]
[0, 0][0, 0][0, 0][0, 0][0, 0][0, 0]
[0, 0][0, 0][0, 0][1, 2][1, 0][1, 1]
the fitness function value: 0.337793
the searching time: 00:12:43
______________________________________________________
chromosome #66
[1, 0][0, 0][0, 0][1, 1][1, 2][0, 0]
[0, 0][0, 0][0, 0][0, 0][0, 0][0, 0]
[0, 0][0, 0][0, 0][0, 0][0, 0][0, 0]
[0, 0][0, 0][0, 0][0, 0][0, 0][0, 0]
[1, 1][1, 0][0, 0][1, 2][0, 0][0, 0]
[0, 0][0, 0][0, 0][0, 0][0, 0][0, 0]
[0, 0][0, 0][0, 0][0, 0][0, 0][0, 0]
[2, 0][1, 1][2, 1][1, 0][2, 2][1, 2]
[1, 0][1, 2][0, 0][1, 1][0, 0][0, 0]
[0, 0][0, 0][1, 1][0, 0][1, 0][1, 2]
the fitness function value: 0.33916
the searching time: 00:12:58
______________________________________________________
chromosome #67
[1, 0][2, 1][2, 2][1, 2][2, 0][1, 1]
[0, 0][0, 0][0, 0][0, 0][0, 0][0, 0]
[0, 0][0, 0][0, 0][0, 0][0, 0][0, 0]
[0, 0][0, 0][0, 0][0, 0][0, 0][0, 0]
[1, 2][2, 0][1, 1][2, 1][1, 0][2, 2]
[2, 2][1, 2][1, 1][2, 1][1, 0][2, 0]
[2, 1][1, 1][2, 2][1, 2][1, 0][2, 0]
[0, 0][0, 0][0, 0][0, 0][0, 0][0, 0]
[0, 0][0, 0][0, 0][0, 0][0, 0][0, 0]
[0, 0][0, 0][0, 0][1, 2][1, 0][1, 1]
the fitness function value: 0.337793
the searching time: 00:12:58
______________________________________________________
chromosome #68
[1, 0][0, 0][0, 0][1, 1][1, 2][0, 0]
[0, 0][0, 0][0, 0][0, 0][0, 0][0, 0]
[0, 0][0, 0][0, 0][0, 0][0, 0][0, 0]
[0, 0][0, 0][0, 0][0, 0][0, 0][0, 0]
[1, 1][1, 0][0, 0][1, 2][0, 0][0, 0]
[0, 0][0, 0][0, 0][0, 0][0, 0][0, 0]
[0, 0][0, 0][0, 0][0, 0][0, 0][0, 0]
[2, 0][1, 1][2, 1][1, 0][2, 2][1, 2]
[1, 0][1, 2][0, 0][1, 1][0, 0][0, 0]
[0, 0][0, 0][1, 1][0, 0][1, 0][1, 2]
the fitness function value: 0.33916
the searching time: 00:13:14
______________________________________________________
chromosome #69
[1, 0][2, 1][2, 2][1, 2][2, 0][1, 1]
[0, 0][0, 0][0, 0][0, 0][0, 0][0, 0]
[0, 0][0, 0][0, 0][0, 0][0, 0][0, 0]
[0, 0][0, 0][0, 0][0, 0][0, 0][0, 0]
[1, 2][2, 0][1, 1][2, 1][1, 0][2, 2]
[2, 2][1, 2][1, 1][2, 1][1, 0][2, 0]
[2, 1][1, 1][2, 2][1, 2][1, 0][2, 0]
[0, 0][0, 0][0, 0][0, 0][0, 0][0, 0]
[0, 0][0, 0][0, 0][0, 0][0, 0][0, 0]
[0, 0][0, 0][0, 0][1, 2][1, 0][1, 1]
the fitness function value: 0.337793
the searching time: 00:13:14
______________________________________________________
chromosome #70
[1, 0][0, 0][0, 0][1, 1][1, 2][0, 0]
[0, 0][0, 0][0, 0][0, 0][0, 0][0, 0]
[0, 0][0, 0][0, 0][0, 0][0, 0][0, 0]
[0, 0][0, 0][0, 0][0, 0][0, 0][0, 0]
[1, 1][1, 0][0, 0][1, 2][0, 0][0, 0]
[0, 0][0, 0][0, 0][0, 0][0, 0][0, 0]
[0, 0][0, 0][0, 0][0, 0][0, 0][0, 0]
[2, 0][1, 1][2, 1][1, 0][2, 2][1, 2]
[1, 0][1, 2][0, 0][1, 1][0, 0][0, 0]
[0, 0][0, 0][1, 1][0, 0][1, 0][1, 2]
the fitness function value: 0.33916
the searching time: 00:13:28
______________________________________________________
chromosome #71
[1, 0][2, 1][2, 2][1, 2][2, 0][1, 1]
[0, 0][0, 0][0, 0][0, 0][0, 0][0, 0]
[0, 0][0, 0][0, 0][0, 0][0, 0][0, 0]
[0, 0][0, 0][0, 0][0, 0][0, 0][0, 0]
[1, 2][2, 0][1, 1][2, 1][1, 0][2, 2]
[2, 2][1, 2][1, 1][2, 1][1, 0][2, 0]
[2, 1][1, 1][2, 2][1, 2][1, 0][2, 0]
[0, 0][0, 0][0, 0][0, 0][0, 0][0, 0]
[0, 0][0, 0][0, 0][0, 0][0, 0][0, 0]
[0, 0][0, 0][0, 0][1, 2][1, 0][1, 1]
the fitness function value: 0.337793
the searching time: 00:13:28
______________________________________________________
chromosome #72
[1, 0][0, 0][0, 0][1, 1][1, 2][0, 0]
[0, 0][0, 0][0, 0][0, 0][0, 0][0, 0]
[0, 0][0, 0][0, 0][0, 0][0, 0][0, 0]
[0, 0][0, 0][0, 0][0, 0][0, 0][0, 0]
[1, 1][1, 0][0, 0][1, 2][0, 0][0, 0]
[0, 0][0, 0][0, 0][0, 0][0, 0][0, 0]
[0, 0][0, 0][0, 0][0, 0][0, 0][0, 0]
[2, 0][1, 1][2, 1][1, 0][2, 2][1, 2]
[1, 0][1, 2][0, 0][1, 1][0, 0][0, 0]
[0, 0][0, 0][1, 1][0, 0][1, 0][1, 2]
the fitness function value: 0.33916
the searching time: 00:13:43
______________________________________________________
chromosome #73
[1, 0][2, 1][2, 2][1, 2][2, 0][1, 1]
[0, 0][0, 0][0, 0][0, 0][0, 0][0, 0]
[0, 0][0, 0][0, 0][0, 0][0, 0][0, 0]
[0, 0][0, 0][0, 0][0, 0][0, 0][0, 0]
[1, 2][2, 0][1, 1][2, 1][1, 0][2, 2]
[2, 2][1, 2][1, 1][2, 1][1, 0][2, 0]
[2, 1][1, 1][2, 2][1, 2][1, 0][2, 0]
[0, 0][0, 0][0, 0][0, 0][0, 0][0, 0]
[0, 0][0, 0][0, 0][0, 0][0, 0][0, 0]
[0, 0][0, 0][0, 0][1, 2][1, 0][1, 1]
the fitness function value: 0.337793
the searching time: 00:13:43
______________________________________________________
chromosome #74
[1, 0][0, 0][0, 0][1, 1][1, 2][0, 0]
[0, 0][0, 0][0, 0][0, 0][0, 0][0, 0]
[0, 0][0, 0][0, 0][0, 0][0, 0][0, 0]
[0, 0][0, 0][0, 0][0, 0][0, 0][0, 0]
[1, 1][1, 0][0, 0][1, 2][0, 0][0, 0]
[0, 0][0, 0][0, 0][0, 0][0, 0][0, 0]
[0, 0][0, 0][0, 0][0, 0][0, 0][0, 0]
[2, 0][1, 1][2, 1][1, 0][2, 2][1, 2]
[1, 0][1, 2][0, 0][1, 1][0, 0][0, 0]
[0, 0][0, 0][1, 1][0, 0][1, 0][1, 2]
the fitness function value: 0.33916
the searching time: 00:14:00
______________________________________________________
chromosome #75
[1, 0][2, 1][2, 2][1, 2][2, 0][1, 1]
[0, 0][0, 0][0, 0][0, 0][0, 0][0, 0]
[0, 0][0, 0][0, 0][0, 0][0, 0][0, 0]
[0, 0][0, 0][0, 0][0, 0][0, 0][0, 0]
[1, 2][2, 0][1, 1][2, 1][1, 0][2, 2]
[2, 2][1, 2][1, 1][2, 1][1, 0][2, 0]
[2, 1][1, 1][2, 2][1, 2][1, 0][2, 0]
[0, 0][0, 0][0, 0][0, 0][0, 0][0, 0]
[0, 0][0, 0][0, 0][0, 0][0, 0][0, 0]
[0, 0][0, 0][0, 0][1, 2][1, 0][1, 1]
the fitness function value: 0.337793
the searching time: 00:14:00
______________________________________________________
chromosome #76
[1, 1][0, 0][0, 0][0, 0][1, 0][1, 2]
[0, 0][1, 2][1, 1][0, 0][0, 0][1, 0]
[1, 1][0, 0][1, 0][1, 2][0, 0][0, 0]
[1, 0][0, 0][0, 0][1, 1][1, 2][0, 0]
[2, 2][2, 1][1, 2][2, 0][1, 0][1, 1]
[0, 0][0, 0][0, 0][0, 0][0, 0][0, 0]
[1, 1][2, 0][2, 1][1, 2][2, 2][1, 0]
[1, 1][1, 0][0, 0][0, 0][0, 0][1, 2]
[0, 0][0, 0][0, 0][0, 0][0, 0][0, 0]
[0, 0][0, 0][0, 0][0, 0][0, 0][0, 0]
the fitness function value: 0.337793
the searching time: 00:14:17
______________________________________________________
chromosome #77
[1, 0][2, 1][2, 2][1, 2][2, 0][1, 1]
[0, 0][0, 0][0, 0][0, 0][0, 0][0, 0]
[0, 0][0, 0][0, 0][0, 0][0, 0][0, 0]
[0, 0][0, 0][0, 0][0, 0][0, 0][0, 0]
[1, 2][2, 0][1, 1][2, 1][1, 0][2, 2]
[2, 2][1, 2][1, 1][2, 1][1, 0][2, 0]
[2, 1][1, 1][2, 2][1, 2][1, 0][2, 0]
[0, 0][0, 0][0, 0][0, 0][0, 0][0, 0]
[0, 0][0, 0][0, 0][0, 0][0, 0][0, 0]
[0, 0][0, 0][0, 0][1, 2][1, 0][1, 1]
the fitness function value: 0.337793
the searching time: 00:14:17
______________________________________________________
chromosome #78
[1, 0][0, 0][0, 0][1, 1][1, 2][0, 0]
[0, 0][0, 0][0, 0][0, 0][0, 0][0, 0]
[0, 0][0, 0][0, 0][0, 0][0, 0][0, 0]
[0, 0][0, 0][0, 0][0, 0][0, 0][0, 0]
[1, 1][1, 0][0, 0][1, 2][0, 0][0, 0]
[0, 0][0, 0][0, 0][0, 0][0, 0][0, 0]
[0, 0][0, 0][0, 0][0, 0][0, 0][0, 0]
[2, 0][1, 1][2, 1][1, 0][2, 2][1, 2]
[1, 0][1, 2][0, 0][1, 1][0, 0][0, 0]
[0, 0][0, 0][1, 1][0, 0][1, 0][1, 2]
the fitness function value: 0.33916
the searching time: 00:14:35
______________________________________________________
chromosome #79
[1, 0][2, 1][2, 2][1, 2][2, 0][1, 1]
[0, 0][0, 0][0, 0][0, 0][0, 0][0, 0]
[0, 0][0, 0][0, 0][0, 0][0, 0][0, 0]
[0, 0][0, 0][0, 0][0, 0][0, 0][0, 0]
[1, 2][2, 0][1, 1][2, 1][1, 0][2, 2]
[2, 2][1, 2][1, 1][2, 1][1, 0][2, 0]
[2, 1][1, 1][2, 2][1, 2][1, 0][2, 0]
[0, 0][0, 0][0, 0][0, 0][0, 0][0, 0]
[0, 0][0, 0][0, 0][0, 0][0, 0][0, 0]
[0, 0][0, 0][0, 0][1, 2][1, 0][1, 1]
the fitness function value: 0.337793
the searching time: 00:14:35
______________________________________________________
chromosome #80
[1, 0][2, 1][1, 1][1, 2][2, 0][2, 2]
[0, 0][0, 0][0, 0][0, 0][0, 0][0, 0]
[0, 0][1, 0][1, 1][1, 2][0, 0][0, 0]
[2, 0][1, 0][2, 2][1, 1][1, 2][2, 1]
[1, 2][0, 0][0, 0][1, 0][1, 1][0, 0]
[2, 1][2, 2][1, 0][1, 2][2, 0][1, 1]
[1, 2][1, 1][1, 0][0, 0][0, 0][0, 0]
[0, 0][0, 0][0, 0][0, 0][0, 0][0, 0]
[1, 0][2, 2][1, 2][2, 0][1, 1][2, 1]
[1, 2][2, 0][2, 1][2, 2][1, 0][1, 1]
the fitness function value: 0.488642
the searching time: 00:14:55
______________________________________________________
chromosome #81
[1, 0][2, 1][2, 2][1, 2][2, 0][1, 1]
[0, 0][0, 0][0, 0][0, 0][0, 0][0, 0]
[0, 0][0, 0][0, 0][0, 0][0, 0][0, 0]
[0, 0][0, 0][0, 0][0, 0][0, 0][0, 0]
[1, 2][2, 0][1, 1][2, 1][1, 0][2, 2]
[2, 2][1, 2][1, 1][2, 1][1, 0][2, 0]
[2, 1][1, 1][2, 2][1, 2][1, 0][2, 0]
[0, 0][0, 0][0, 0][0, 0][0, 0][0, 0]
[0, 0][0, 0][0, 0][0, 0][0, 0][0, 0]
[0, 0][0, 0][0, 0][1, 2][1, 0][1, 1]
the fitness function value: 0.337793
the searching time: 00:14:55
______________________________________________________
chromosome #82
[1, 0][0, 0][0, 0][1, 1][1, 2][0, 0]
[0, 0][0, 0][0, 0][0, 0][0, 0][0, 0]
[0, 0][0, 0][0, 0][0, 0][0, 0][0, 0]
[0, 0][0, 0][0, 0][0, 0][0, 0][0, 0]
[1, 1][1, 0][0, 0][1, 2][0, 0][0, 0]
[0, 0][0, 0][0, 0][0, 0][0, 0][0, 0]
[0, 0][0, 0][0, 0][0, 0][0, 0][0, 0]
[2, 0][1, 1][2, 1][1, 0][2, 2][1, 2]
[1, 0][1, 2][0, 0][1, 1][0, 0][0, 0]
[0, 0][0, 0][1, 1][0, 0][1, 0][1, 2]
the fitness function value: 0.33916
the searching time: 00:15:14
______________________________________________________
chromosome #83
[1, 0][2, 1][2, 2][1, 2][2, 0][1, 1]
[0, 0][0, 0][0, 0][0, 0][0, 0][0, 0]
[0, 0][0, 0][0, 0][0, 0][0, 0][0, 0]
[0, 0][0, 0][0, 0][0, 0][0, 0][0, 0]
[1, 2][2, 0][1, 1][2, 1][1, 0][2, 2]
[2, 2][1, 2][1, 1][2, 1][1, 0][2, 0]
[2, 1][1, 1][2, 2][1, 2][1, 0][2, 0]
[0, 0][0, 0][0, 0][0, 0][0, 0][0, 0]
[0, 0][0, 0][0, 0][0, 0][0, 0][0, 0]
[0, 0][0, 0][0, 0][1, 2][1, 0][1, 1]
the fitness function value: 0.337793
the searching time: 00:15:14
______________________________________________________
chromosome #84
[1, 0][0, 0][0, 0][1, 1][1, 2][0, 0]
[0, 0][0, 0][0, 0][0, 0][0, 0][0, 0]
[0, 0][0, 0][0, 0][0, 0][0, 0][0, 0]
[0, 0][0, 0][0, 0][0, 0][0, 0][0, 0]
[1, 1][1, 0][0, 0][1, 2][0, 0][0, 0]
[0, 0][0, 0][0, 0][0, 0][0, 0][0, 0]
[0, 0][0, 0][0, 0][0, 0][0, 0][0, 0]
[2, 0][1, 1][2, 1][1, 0][2, 2][1, 2]
[1, 0][1, 2][0, 0][1, 1][0, 0][0, 0]
[0, 0][0, 0][1, 1][0, 0][1, 0][1, 2]
the fitness function value: 0.33916
the searching time: 00:15:33
______________________________________________________
chromosome #85
[0, 0][0, 0][0, 0][0, 0][0, 0][0, 0]
[1, 2][1, 0][0, 0][0, 0][1, 1][0, 0]
[0, 0][0, 0][1, 1][1, 0][1, 2][0, 0]
[0, 0][0, 0][0, 0][0, 0][0, 0][0, 0]
[0, 0][0, 0][0, 0][0, 0][0, 0][0, 0]
[1, 1][0, 0][1, 0][1, 2][0, 0][0, 0]
[0, 0][0, 0][0, 0][0, 0][0, 0][0, 0]
[1, 2][1, 0][0, 0][1, 1][0, 0][0, 0]
[0, 0][1, 0][1, 1][1, 2][0, 0][0, 0]
[1, 0][1, 1][0, 0][0, 0][1, 2][0, 0]
the fitness function value: 0.33916
the searching time: 00:15:53
______________________________________________________
chromosome #86
[1, 0][2, 1][2, 2][1, 2][2, 0][1, 1]
[0, 0][0, 0][0, 0][0, 0][0, 0][0, 0]
[0, 0][0, 0][0, 0][0, 0][0, 0][0, 0]
[0, 0][0, 0][0, 0][0, 0][0, 0][0, 0]
[1, 2][2, 0][1, 1][2, 1][1, 0][2, 2]
[2, 2][1, 2][1, 1][2, 1][1, 0][2, 0]
[2, 1][1, 1][2, 2][1, 2][1, 0][2, 0]
[0, 0][0, 0][0, 0][0, 0][0, 0][0, 0]
[0, 0][0, 0][0, 0][0, 0][0, 0][0, 0]
[0, 0][0, 0][0, 0][1, 2][1, 0][1, 1]
the fitness function value: 0.337793
the searching time: 00:15:53
______________________________________________________
chromosome #87
[1, 0][0, 0][0, 0][1, 1][1, 2][0, 0]
[0, 0][0, 0][0, 0][0, 0][0, 0][0, 0]
[0, 0][0, 0][0, 0][0, 0][0, 0][0, 0]
[0, 0][0, 0][0, 0][0, 0][0, 0][0, 0]
[1, 1][1, 0][0, 0][1, 2][0, 0][0, 0]
[0, 0][0, 0][0, 0][0, 0][0, 0][0, 0]
[0, 0][0, 0][0, 0][0, 0][0, 0][0, 0]
[2, 0][1, 1][2, 1][1, 0][2, 2][1, 2]
[1, 0][1, 2][0, 0][1, 1][0, 0][0, 0]
[0, 0][0, 0][1, 1][0, 0][1, 0][1, 2]
the fitness function value: 0.33916
the searching time: 00:16:11
______________________________________________________
chromosome #88
[1, 0][2, 1][2, 2][1, 2][2, 0][1, 1]
[0, 0][0, 0][0, 0][0, 0][0, 0][0, 0]
[0, 0][0, 0][0, 0][0, 0][0, 0][0, 0]
[0, 0][0, 0][0, 0][0, 0][0, 0][0, 0]
[1, 2][2, 0][1, 1][2, 1][1, 0][2, 2]
[2, 2][1, 2][1, 1][2, 1][1, 0][2, 0]
[2, 1][1, 1][2, 2][1, 2][1, 0][2, 0]
[0, 0][0, 0][0, 0][0, 0][0, 0][0, 0]
[0, 0][0, 0][0, 0][0, 0][0, 0][0, 0]
[0, 0][0, 0][0, 0][1, 2][1, 0][1, 1]
the fitness function value: 0.337793
the searching time: 00:16:11
______________________________________________________
chromosome #89
[1, 0][2, 1][2, 2][1, 2][2, 0][1, 1]
[0, 0][0, 0][0, 0][0, 0][0, 0][0, 0]
[0, 0][0, 0][0, 0][0, 0][0, 0][0, 0]
[0, 0][0, 0][0, 0][0, 0][0, 0][0, 0]
[1, 2][2, 0][1, 1][2, 1][1, 0][2, 2]
[2, 2][1, 2][1, 1][2, 1][1, 0][2, 0]
[2, 1][1, 1][2, 2][1, 2][1, 0][2, 0]
[0, 0][0, 0][0, 0][0, 0][0, 0][0, 0]
[0, 0][0, 0][0, 0][0, 0][0, 0][0, 0]
[0, 0][0, 0][0, 0][1, 2][1, 0][1, 1]
the fitness function value: 0.337793
the searching time: 00:16:30
______________________________________________________
chromosome #90
[1, 0][2, 1][2, 2][1, 2][2, 0][1, 1]
[0, 0][0, 0][0, 0][0, 0][0, 0][0, 0]
[0, 0][0, 0][0, 0][0, 0][0, 0][0, 0]
[0, 0][0, 0][0, 0][0, 0][0, 0][0, 0]
[1, 2][2, 0][1, 1][2, 1][1, 0][2, 2]
[2, 2][1, 2][1, 1][2, 1][1, 0][2, 0]
[2, 1][1, 1][2, 2][1, 2][1, 0][2, 0]
[0, 0][0, 0][0, 0][0, 0][0, 0][0, 0]
[0, 0][0, 0][0, 0][0, 0][0, 0][0, 0]
[0, 0][0, 0][0, 0][1, 2][1, 0][1, 1]
the fitness function value: 0.337793
the searching time: 00:16:47
______________________________________________________
chromosome #91
[1, 0][1, 2][2, 0][2, 2][1, 1][2, 1]
[1, 1][1, 0][0, 0][0, 0][1, 2][0, 0]
[2, 2][2, 0][1, 0][2, 1][1, 2][1, 1]
[2, 0][2, 1][1, 1][1, 2][2, 2][1, 0]
[0, 0][0, 0][0, 0][0, 0][0, 0][0, 0]
[0, 0][0, 0][0, 0][0, 0][0, 0][0, 0]
[1, 2][1, 0][1, 1][2, 0][2, 1][2, 2]
[0, 0][0, 0][0, 0][0, 0][0, 0][0, 0]
[1, 0][2, 0][2, 2][1, 2][1, 1][2, 1]
[0, 0][0, 0][0, 0][0, 0][0, 0][0, 0]
the fitness function value: 0.488974
the searching time: 00:17:21
______________________________________________________
chromosome #92
[0, 0][1, 1][1, 2][1, 0][0, 0][0, 0]
[0, 0][0, 0][0, 0][0, 0][0, 0][0, 0]
[0, 0][0, 0][0, 0][0, 0][0, 0][0, 0]
[0, 0][0, 0][1, 0][1, 2][0, 0][1, 1]
[1, 0][0, 0][0, 0][1, 1][0, 0][1, 2]
[0, 0][1, 2][0, 0][0, 0][1, 0][1, 1]
[2, 0][1, 1][2, 1][2, 2][1, 0][1, 2]
[0, 0][0, 0][0, 0][0, 0][0, 0][0, 0]
[2, 2][1, 1][1, 2][2, 0][2, 1][1, 0]
[0, 0][0, 0][0, 0][0, 0][0, 0][0, 0]
the fitness function value: 0.33813
the searching time: 00:17:21
______________________________________________________
chromosome #93
[1, 0][2, 1][2, 2][1, 2][2, 0][1, 1]
[0, 0][0, 0][0, 0][0, 0][0, 0][0, 0]
[0, 0][0, 0][0, 0][0, 0][0, 0][0, 0]
[0, 0][0, 0][0, 0][0, 0][0, 0][0, 0]
[1, 2][2, 0][1, 1][2, 1][1, 0][2, 2]
[2, 2][1, 2][1, 1][2, 1][1, 0][2, 0]
[2, 1][1, 1][2, 2][1, 2][1, 0][2, 0]
[0, 0][0, 0][0, 0][0, 0][0, 0][0, 0]
[0, 0][0, 0][0, 0][0, 0][0, 0][0, 0]
[0, 0][0, 0][0, 0][1, 2][1, 0][1, 1]
the fitness function value: 0.337793
the searching time: 00:17:39
______________________________________________________
chromosome #94
[2, 0][2, 2][1, 0][1, 2][2, 1][1, 1]
[1, 1][1, 2][0, 0][1, 0][0, 0][0, 0]
[1, 0][0, 0][1, 1][1, 2][0, 0][0, 0]
[0, 0][0, 0][0, 0][0, 0][0, 0][0, 0]
[1, 2][2, 0][2, 1][2, 2][1, 0][1, 1]
[1, 1][1, 2][1, 0][2, 0][2, 1][2, 2]
[0, 0][0, 0][0, 0][0, 0][0, 0][0, 0]
[0, 0][0, 0][0, 0][0, 0][0, 0][0, 0]
[0, 0][0, 0][0, 0][0, 0][0, 0][0, 0]
[0, 0][0, 0][1, 1][0, 0][1, 0][1, 2]
the fitness function value: 0.337793
the searching time: 00:19:33
______________________________________________________
chromosome #95
[1, 0][2, 1][2, 2][1, 2][2, 0][1, 1]
[0, 0][0, 0][0, 0][0, 0][0, 0][0, 0]
[0, 0][0, 0][0, 0][0, 0][0, 0][0, 0]
[0, 0][0, 0][0, 0][0, 0][0, 0][0, 0]
[1, 1][1, 0][0, 0][1, 2][0, 0][0, 0]
[2, 0][2, 2][2, 1][1, 1][1, 0][1, 2]
[0, 0][0, 0][0, 0][1, 1][1, 0][1, 2]
[2, 0][1, 0][2, 1][2, 2][1, 1][1, 2]
[0, 0][0, 0][0, 0][0, 0][0, 0][0, 0]
[0, 0][0, 0][0, 0][1, 2][1, 0][1, 1]
the fitness function value: 0.337793
the searching time: 00:19:33
______________________________________________________
chromosome #96
[1, 0][0, 0][0, 0][1, 1][1, 2][0, 0]
[0, 0][0, 0][0, 0][0, 0][0, 0][0, 0]
[0, 0][0, 0][0, 0][0, 0][0, 0][0, 0]
[0, 0][0, 0][0, 0][0, 0][0, 0][0, 0]
[1, 1][1, 0][0, 0][1, 2][0, 0][0, 0]
[0, 0][0, 0][0, 0][0, 0][0, 0][0, 0]
[0, 0][0, 0][0, 0][0, 0][0, 0][0, 0]
[2, 0][1, 1][2, 1][1, 0][2, 2][1, 2]
[1, 0][1, 2][0, 0][1, 1][0, 0][0, 0]
[0, 0][0, 0][1, 1][0, 0][1, 0][1, 2]
the fitness function value: 0.33916
the searching time: 00:19:51
______________________________________________________
chromosome #97
[1, 0][2, 1][2, 2][1, 2][2, 0][1, 1]
[0, 0][0, 0][0, 0][0, 0][0, 0][0, 0]
[0, 0][0, 0][0, 0][0, 0][0, 0][0, 0]
[0, 0][0, 0][0, 0][0, 0][0, 0][0, 0]
[1, 2][2, 0][1, 1][2, 1][1, 0][2, 2]
[2, 2][1, 2][1, 1][2, 1][1, 0][2, 0]
[2, 1][1, 1][2, 2][1, 2][1, 0][2, 0]
[0, 0][0, 0][0, 0][0, 0][0, 0][0, 0]
[0, 0][0, 0][0, 0][0, 0][0, 0][0, 0]
[0, 0][0, 0][0, 0][1, 2][1, 0][1, 1]
the fitness function value: 0.337793
the searching time: 00:19:51
______________________________________________________
chromosome #98
[1, 0][0, 0][0, 0][1, 1][1, 2][0, 0]
[0, 0][0, 0][0, 0][0, 0][0, 0][0, 0]
[0, 0][0, 0][0, 0][0, 0][0, 0][0, 0]
[0, 0][0, 0][0, 0][0, 0][0, 0][0, 0]
[1, 1][1, 0][0, 0][1, 2][0, 0][0, 0]
[0, 0][0, 0][0, 0][0, 0][0, 0][0, 0]
[0, 0][0, 0][0, 0][0, 0][0, 0][0, 0]
[2, 0][1, 1][2, 1][1, 0][2, 2][1, 2]
[1, 0][1, 2][0, 0][1, 1][0, 0][0, 0]
[0, 0][0, 0][1, 1][0, 0][1, 0][1, 2]
the fitness function value: 0.33916
the searching time: 00:20:09
______________________________________________________
chromosome #99
[1, 0][2, 1][2, 2][1, 2][2, 0][1, 1]
[0, 0][0, 0][0, 0][0, 0][0, 0][0, 0]
[0, 0][0, 0][0, 0][0, 0][0, 0][0, 0]
[0, 0][0, 0][0, 0][0, 0][0, 0][0, 0]
[1, 2][2, 0][1, 1][2, 1][1, 0][2, 2]
[2, 2][1, 2][1, 1][2, 1][1, 0][2, 0]
[2, 1][1, 1][2, 2][1, 2][1, 0][2, 0]
[0, 0][0, 0][0, 0][0, 0][0, 0][0, 0]
[0, 0][0, 0][0, 0][0, 0][0, 0][0, 0]
[0, 0][0, 0][0, 0][1, 2][1, 0][1, 1]
the fitness function value: 0.337793
the searching time: 00:20:09
______________________________________________________

    