The Complete Best Results are saved in 20200406_183951.txt 

    Inputed Truth Table:
------------------------
    inputs
      X    Y   C1   A1   A2   A3
0    0    0    0    1    0    1
1    0    0    1    1    0    1
2    0    1    0    1    0    1
3    0    1    1    1    0    1
4    1    0    0    1    0    1
5    1    0    1    1    0    1
6    1    1    0    1    0    1
7    1    1    1    1    0    1
	outputs
      S   C2    P    G1    G2    G3
0    0    0    0  None  None  None
1    1    0    0  None  None  None
2    1    0    1  None  None  None
3    0    1    1  None  None  None
4    1    0    1  None  None  None
5    0    1    1  None  None  None
6    0    1    0  None  None  None
7    1    1    0  None  None  None

    Configurations:
-------------------
generation size: 100
chromosome size: 7
crossover probability: 0.6
mutation probability: 0.04
memorised number: 10
alpha: 0.91
betta: 0.03
gamma: 0.03
lambda: 0.03
process time: 1
iterations limit: 400

    Results:
------------
                                              chromosome     value            time
0  [[[0, 0], [0, 0], [0, 0], [0, 0], [0, 0], [0, ...  0.195496 00:00:00.118646
1  [[[2, 0], [1, 0], [1, 1], [2, 1], [2, 2], [1, ...  0.190650 00:00:00.118646
2  [[[2, 0], [1, 0], [1, 1], [1, 2], [2, 2], [2, ...  0.189375 00:00:00.118646
3  [[[0, 0], [0, 0], [0, 0], [0, 0], [0, 0], [0, ...  0.188937 00:00:00.118646
4  [[[2, 1], [1, 1], [2, 2], [1, 2], [1, 0], [2, ...  0.188599 00:00:00.118646
5  [[[0, 0], [0, 0], [0, 0], [0, 0], [0, 0], [0, ...  0.188331 00:00:00.118646
6  [[[1, 0], [1, 2], [2, 1], [2, 0], [2, 2], [1, ...  0.187493 00:00:00.118646
9  [[[1, 0], [1, 2], [2, 1], [2, 0], [2, 2], [1, ...  0.187493 00:00:15.359789
7  [[[0, 0], [0, 0], [0, 0], [0, 0], [0, 0], [0, ...  0.173829 00:00:00.118646
8  [[[0, 0], [0, 0], [0, 0], [0, 0], [0, 0], [0, ...  0.172554 00:00:00.118646______________________________________________________

    