The Complete Best Results are saved in 20200325_191701.txt 

    Inputed Truth Table:
------------------------
    inputs
    X  Y  C1  A1  A2  A3
0  0  0   0   1   0   1
1  0  0   1   1   0   1
2  0  1   0   1   0   1
3  0  1   1   1   0   1
4  1  0   0   1   0   1
5  1  0   1   1   0   1
6  1  1   0   1   0   1
7  1  1   1   1   0   1
	outputs
    S  C2  P    G1    G2    G3
0  0   0  0  None  None  None
1  1   0  0  None  None  None
2  1   0  1  None  None  None
3  0   1  1  None  None  None
4  1   0  1  None  None  None
5  0   1  1  None  None  None
6  0   1  0  None  None  None
7  1   1  0  None  None  None

    Configurations:
-------------------
generation size: 100
chromosome size: 4
crossover probability: 0.6
mutation probability: 0.04
memorised number: 10
alpha: 0.91
betta: 0.03
gamma: 0.03
lambda: 0.03
process time: 3
iterations limit: 400

    Results:
------------
                                              chromosome     value            time
0  [[[0, 0], [0, 0], [0, 0], [0, 0], [0, 0], [0, ...  0.223687 00:00:00.027907
1  [[[2, 0], [1, 0], [1, 1], [1, 2], [2, 1], [2, ...  0.193354 00:00:00.027907
9  [[[2, 0], [1, 0], [1, 1], [1, 2], [2, 1], [2, ...  0.193354 00:00:03.150043
2  [[[2, 0], [2, 2], [1, 0], [1, 1], [1, 2], [2, ...  0.192079 00:00:00.027907
3  [[[1, 0], [1, 1], [0, 0], [1, 2], [0, 0], [0, ...  0.171687 00:00:00.027907
4  [[[1, 0], [1, 2], [0, 0], [0, 0], [0, 0], [1, ...  0.170412 00:00:00.027907
5  [[[1, 0], [0, 0], [0, 0], [1, 2], [1, 1], [0, ...  0.170412 00:00:00.027907
6  [[[0, 0], [0, 0], [0, 0], [0, 0], [0, 0], [0, ...  0.170412 00:00:00.027907
7  [[[0, 0], [0, 0], [1, 0], [1, 2], [1, 1], [0, ...  0.169574 00:00:00.027907
8  [[[2, 0], [2, 2], [1, 0], [1, 1], [2, 1], [1, ...  0.169574 00:00:00.027907______________________________________________________

    