The Complete Best Results are saved in 20200321_153213.txt 

    Inputed Truth Table:
------------------------
    inputs
    X  Y  C1  A1  A2  A3
0  0  0   0   1   0   1
1  0  0   1   1   0   1
2  0  1   0   1   0   1
3  0  1   1   1   0   1
4  1  0   0   1   0   1
5  1  0   1   1   0   1
6  1  1   0   1   0   1
7  1  1   1   1   0   1
	outputs
    S  C2  P    G1    G2    G3
0  0   0  0  None  None  None
1  1   0  0  None  None  None
2  1   0  1  None  None  None
3  0   1  1  None  None  None
4  1   0  1  None  None  None
5  0   1  1  None  None  None
6  0   1  0  None  None  None
7  1   1  0  None  None  None

    Configurations:
-------------------
generation size: 100
chromosome size: 7
crossover probability: 0.6
mutation probability: 0.04
memorised number: 100
alpha: 0.91
betta: 0.03
gamma: 0.03
lambda: 0.03
process time: 720
iterations limit: 1200

    Results:
------------
    chromosome #0
[0, 0][0, 0][0, 0][0, 0][0, 0][0, 0]
[0, 0][1, 0][1, 2][0, 0][1, 1][0, 0]
[0, 0][0, 0][0, 0][0, 0][0, 0][0, 0]
[2, 2][1, 1][1, 0][2, 0][1, 2][2, 1]
[0, 0][1, 1][1, 2][0, 0][0, 0][1, 0]
[0, 0][0, 0][1, 2][0, 0][1, 1][1, 0]
[0, 0][0, 0][0, 0][0, 0][0, 0][0, 0]
the fitness function value: 0.219708
the searching time: 00:00:04
______________________________________________________
chromosome #1
[0, 0][0, 0][0, 0][0, 0][0, 0][0, 0]
[2, 0][1, 1][2, 2][1, 0][1, 2][2, 1]
[0, 0][0, 0][0, 0][0, 0][0, 0][0, 0]
[2, 0][2, 2][1, 0][1, 1][1, 2][2, 1]
[1, 1][0, 0][0, 0][1, 0][0, 0][1, 2]
[0, 0][1, 1][1, 2][0, 0][1, 0][0, 0]
[0, 0][0, 0][1, 2][1, 0][0, 0][1, 1]
the fitness function value: 0.218279
the searching time: 00:00:04
______________________________________________________
chromosome #2
[1, 0][1, 2][0, 0][0, 0][1, 1][0, 0]
[1, 0][2, 1][2, 2][1, 1][1, 2][2, 0]
[0, 0][0, 0][0, 0][0, 0][0, 0][0, 0]
[1, 0][2, 0][2, 1][1, 2][2, 2][1, 1]
[0, 0][0, 0][0, 0][0, 0][0, 0][0, 0]
[1, 1][1, 2][2, 0][2, 1][2, 2][1, 0]
[1, 1][2, 0][1, 0][2, 2][2, 1][1, 2]
the fitness function value: 0.217503
the searching time: 00:00:05
______________________________________________________
chromosome #3
[1, 0][1, 1][1, 2][0, 0][0, 0][0, 0]
[0, 0][1, 0][1, 1][1, 2][0, 0][0, 0]
[0, 0][0, 0][0, 0][0, 0][0, 0][0, 0]
[1, 2][2, 1][1, 0][2, 0][2, 2][1, 1]
[1, 2][1, 1][1, 0][2, 0][2, 1][2, 2]
[1, 1][1, 2][2, 1][1, 0][2, 0][2, 2]
[0, 0][0, 0][0, 0][0, 0][0, 0][0, 0]
the fitness function value: 0.217841
the searching time: 00:00:06
______________________________________________________
chromosome #4
[2, 0][1, 2][1, 1][1, 0][2, 1][2, 2]
[0, 0][1, 0][1, 1][1, 2][0, 0][0, 0]
[0, 0][0, 0][0, 0][0, 0][0, 0][0, 0]
[1, 2][2, 1][1, 0][2, 0][2, 2][1, 1]
[1, 2][1, 1][1, 0][2, 0][2, 1][2, 2]
[1, 1][1, 2][2, 1][1, 0][2, 0][2, 2]
[0, 0][0, 0][0, 0][0, 0][0, 0][0, 0]
the fitness function value: 0.263003
the searching time: 00:00:09
______________________________________________________
chromosome #5
[2, 2][1, 1][1, 0][1, 2][2, 0][2, 1]
[2, 0][2, 2][2, 1][1, 0][1, 1][1, 2]
[0, 0][0, 0][0, 0][0, 0][0, 0][0, 0]
[1, 0][0, 0][0, 0][0, 0][1, 1][1, 2]
[1, 1][1, 2][2, 0][2, 1][2, 2][1, 0]
[0, 0][0, 0][0, 0][0, 0][0, 0][0, 0]
[1, 1][2, 0][2, 1][2, 2][1, 0][1, 2]
the fitness function value: 0.263003
the searching time: 00:00:11
______________________________________________________
chromosome #6
[0, 0][0, 0][0, 0][0, 0][0, 0][0, 0]
[2, 2][1, 0][1, 1][1, 2][2, 1][2, 0]
[2, 2][1, 2][1, 0][1, 1][2, 0][2, 1]
[1, 2][1, 0][1, 1][2, 0][2, 1][2, 2]
[1, 2][2, 0][2, 1][2, 2][1, 0][1, 1]
[2, 1][2, 2][1, 0][1, 1][1, 2][2, 0]
[1, 2][1, 1][2, 0][1, 0][2, 1][2, 2]
the fitness function value: 0.262337
the searching time: 00:00:16
______________________________________________________
chromosome #7
[1, 0][2, 2][2, 0][2, 1][1, 1][1, 2]
[0, 0][1, 2][1, 0][0, 0][1, 1][0, 0]
[1, 1][1, 0][1, 2][0, 0][0, 0][0, 0]
[1, 1][1, 2][2, 1][2, 0][2, 2][1, 0]
[1, 1][0, 0][0, 0][1, 0][0, 0][1, 2]
[0, 0][0, 0][0, 0][0, 0][0, 0][0, 0]
[0, 0][1, 1][1, 2][1, 0][0, 0][0, 0]
the fitness function value: 0.263341
the searching time: 00:00:17
______________________________________________________
chromosome #8
[0, 0][0, 0][0, 0][0, 0][0, 0][0, 0]
[1, 1][2, 0][1, 2][2, 2][2, 1][1, 0]
[0, 0][0, 0][0, 0][0, 0][0, 0][0, 0]
[2, 2][1, 1][2, 1][2, 0][1, 0][1, 2]
[0, 0][0, 0][0, 0][0, 0][0, 0][0, 0]
[1, 0][2, 1][2, 2][1, 1][1, 2][2, 0]
[1, 2][1, 1][2, 0][1, 0][2, 1][2, 2]
the fitness function value: 0.217841
the searching time: 00:00:21
______________________________________________________
chromosome #9
[2, 2][1, 1][1, 0][1, 2][2, 0][2, 1]
[2, 0][2, 2][2, 1][1, 0][1, 1][1, 2]
[1, 2][1, 0][2, 0][2, 1][2, 2][1, 1]
[1, 0][0, 0][0, 0][0, 0][1, 1][1, 2]
[1, 1][1, 2][2, 0][2, 1][2, 2][1, 0]
[0, 0][0, 0][0, 0][0, 0][0, 0][0, 0]
[0, 0][1, 1][0, 0][1, 0][0, 0][1, 2]
the fitness function value: 0.217235
the searching time: 00:00:22
______________________________________________________
chromosome #10
[2, 0][1, 1][1, 0][1, 2][2, 1][2, 2]
[1, 0][1, 2][1, 1][0, 0][0, 0][0, 0]
[0, 0][0, 0][0, 0][0, 0][0, 0][0, 0]
[0, 0][0, 0][0, 0][0, 0][0, 0][0, 0]
[1, 2][2, 1][1, 0][1, 1][2, 0][2, 2]
[1, 0][1, 1][2, 1][1, 2][2, 2][2, 0]
[2, 2][1, 1][2, 0][2, 1][1, 0][1, 2]
the fitness function value: 0.217503
the searching time: 00:00:25
______________________________________________________
chromosome #11
[1, 0][0, 0][0, 0][0, 0][1, 2][1, 1]
[1, 0][2, 0][2, 1][1, 2][2, 2][1, 1]
[1, 1][1, 2][2, 2][2, 0][2, 1][1, 0]
[0, 0][0, 0][0, 0][0, 0][0, 0][0, 0]
[1, 2][1, 0][0, 0][1, 1][0, 0][0, 0]
[2, 1][2, 2][1, 0][1, 1][2, 0][1, 2]
[0, 0][0, 0][0, 0][0, 0][0, 0][0, 0]
the fitness function value: 0.263341
the searching time: 00:00:29
______________________________________________________
chromosome #12
[2, 2][1, 1][1, 0][1, 2][2, 0][2, 1]
[2, 0][2, 2][2, 1][1, 0][1, 1][1, 2]
[1, 2][1, 0][2, 0][2, 1][2, 2][1, 1]
[1, 0][0, 0][0, 0][0, 0][1, 1][1, 2]
[1, 1][1, 2][2, 0][2, 1][2, 2][1, 0]
[0, 0][0, 0][0, 0][0, 0][0, 0][0, 0]
[0, 0][1, 1][0, 0][1, 0][0, 0][1, 2]
the fitness function value: 0.217235
the searching time: 00:00:29
______________________________________________________
chromosome #13
[1, 0][1, 2][2, 0][2, 2][1, 1][2, 1]
[0, 0][0, 0][0, 0][0, 0][0, 0][0, 0]
[1, 2][0, 0][0, 0][0, 0][1, 0][1, 1]
[0, 0][0, 0][1, 1][0, 0][1, 0][1, 2]
[1, 2][0, 0][1, 1][0, 0][1, 0][0, 0]
[1, 0][1, 1][2, 1][1, 2][2, 2][2, 0]
[1, 2][2, 1][2, 0][2, 2][1, 1][1, 0]
the fitness function value: 0.217503
the searching time: 00:00:30
______________________________________________________
chromosome #14
[2, 2][1, 1][1, 0][1, 2][2, 0][2, 1]
[1, 0][1, 1][1, 2][2, 1][2, 0][2, 2]
[1, 2][1, 0][2, 0][2, 1][2, 2][1, 1]
[0, 0][0, 0][1, 1][0, 0][1, 0][1, 2]
[1, 0][1, 1][0, 0][0, 0][1, 2][0, 0]
[0, 0][0, 0][0, 0][0, 0][0, 0][0, 0]
[1, 0][2, 1][1, 1][1, 2][2, 0][2, 2]
the fitness function value: 0.217235
the searching time: 00:00:30
______________________________________________________
chromosome #15
[2, 2][1, 1][1, 0][1, 2][2, 0][2, 1]
[2, 0][2, 2][2, 1][1, 0][1, 1][1, 2]
[1, 2][1, 0][2, 0][2, 1][2, 2][1, 1]
[1, 0][0, 0][0, 0][0, 0][1, 1][1, 2]
[1, 1][1, 2][2, 0][2, 1][2, 2][1, 0]
[0, 0][0, 0][0, 0][0, 0][0, 0][0, 0]
[0, 0][1, 1][0, 0][1, 0][0, 0][1, 2]
the fitness function value: 0.217235
the searching time: 00:00:33
______________________________________________________
chromosome #16
[1, 0][1, 2][2, 1][2, 0][2, 2][1, 1]
[1, 1][2, 0][1, 2][2, 2][2, 1][1, 0]
[0, 0][0, 0][0, 0][0, 0][0, 0][0, 0]
[1, 0][0, 0][0, 0][0, 0][1, 1][1, 2]
[1, 1][1, 2][2, 0][2, 1][2, 2][1, 0]
[0, 0][0, 0][0, 0][0, 0][0, 0][0, 0]
[2, 0][1, 1][2, 1][2, 2][1, 2][1, 0]
the fitness function value: 0.217503
the searching time: 00:00:34
______________________________________________________
chromosome #17
[2, 2][1, 1][1, 0][1, 2][2, 0][2, 1]
[2, 0][2, 2][2, 1][1, 0][1, 1][1, 2]
[1, 2][1, 0][2, 0][2, 1][2, 2][1, 1]
[1, 0][0, 0][0, 0][0, 0][1, 1][1, 2]
[1, 1][1, 2][2, 0][2, 1][2, 2][1, 0]
[0, 0][0, 0][0, 0][0, 0][0, 0][0, 0]
[0, 0][1, 1][0, 0][1, 0][0, 0][1, 2]
the fitness function value: 0.217235
the searching time: 00:00:34
______________________________________________________
chromosome #18
[2, 2][1, 1][1, 0][1, 2][2, 0][2, 1]
[2, 0][2, 2][2, 1][1, 0][1, 1][1, 2]
[1, 2][1, 0][2, 0][2, 1][2, 2][1, 1]
[1, 0][0, 0][0, 0][0, 0][1, 1][1, 2]
[1, 1][1, 2][2, 0][2, 1][2, 2][1, 0]
[0, 0][0, 0][0, 0][0, 0][0, 0][0, 0]
[0, 0][1, 1][0, 0][1, 0][0, 0][1, 2]
the fitness function value: 0.217235
the searching time: 00:00:35
______________________________________________________
chromosome #19
[0, 0][0, 0][0, 0][0, 0][0, 0][0, 0]
[1, 1][2, 0][1, 2][2, 2][2, 1][1, 0]
[1, 1][1, 2][2, 2][2, 0][2, 1][1, 0]
[1, 0][0, 0][0, 0][0, 0][1, 1][1, 2]
[1, 1][1, 2][2, 0][2, 1][2, 2][1, 0]
[1, 2][0, 0][1, 0][0, 0][0, 0][1, 1]
[1, 0][0, 0][1, 2][0, 0][0, 0][1, 1]
the fitness function value: 0.217503
the searching time: 00:00:37
______________________________________________________
chromosome #20
[2, 2][1, 1][1, 0][1, 2][2, 0][2, 1]
[2, 0][2, 2][2, 1][1, 0][1, 1][1, 2]
[1, 2][1, 0][2, 0][2, 1][2, 2][1, 1]
[1, 0][0, 0][0, 0][0, 0][1, 1][1, 2]
[1, 1][1, 2][2, 0][2, 1][2, 2][1, 0]
[0, 0][0, 0][0, 0][0, 0][0, 0][0, 0]
[0, 0][1, 1][0, 0][1, 0][0, 0][1, 2]
the fitness function value: 0.217235
the searching time: 00:00:41
______________________________________________________
chromosome #21
[2, 2][1, 1][1, 0][1, 2][2, 0][2, 1]
[2, 0][2, 2][2, 1][1, 0][1, 1][1, 2]
[1, 2][1, 0][2, 0][2, 1][2, 2][1, 1]
[1, 0][0, 0][0, 0][0, 0][1, 1][1, 2]
[1, 1][1, 2][2, 0][2, 1][2, 2][1, 0]
[0, 0][0, 0][0, 0][0, 0][0, 0][0, 0]
[0, 0][1, 1][0, 0][1, 0][0, 0][1, 2]
the fitness function value: 0.217235
the searching time: 00:00:42
______________________________________________________
chromosome #22
[2, 2][1, 1][1, 0][1, 2][2, 0][2, 1]
[2, 0][2, 2][2, 1][1, 0][1, 1][1, 2]
[1, 2][1, 0][2, 0][2, 1][2, 2][1, 1]
[1, 0][0, 0][0, 0][0, 0][1, 1][1, 2]
[1, 1][1, 2][2, 0][2, 1][2, 2][1, 0]
[0, 0][0, 0][0, 0][0, 0][0, 0][0, 0]
[0, 0][1, 1][0, 0][1, 0][0, 0][1, 2]
the fitness function value: 0.217235
the searching time: 00:00:45
______________________________________________________
chromosome #23
[2, 2][1, 0][1, 1][1, 2][2, 1][2, 0]
[2, 2][1, 2][2, 0][2, 1][1, 0][1, 1]
[0, 0][0, 0][0, 0][1, 1][1, 2][1, 0]
[1, 0][1, 2][1, 1][0, 0][0, 0][0, 0]
[0, 0][0, 0][0, 0][0, 0][0, 0][0, 0]
[0, 0][0, 0][1, 1][1, 0][1, 2][0, 0]
[1, 0][1, 2][2, 0][1, 1][2, 1][2, 2]
the fitness function value: 0.217503
the searching time: 00:00:46
______________________________________________________
chromosome #24
[2, 2][1, 1][1, 0][1, 2][2, 0][2, 1]
[2, 0][2, 2][2, 1][1, 0][1, 1][1, 2]
[1, 2][1, 0][2, 0][2, 1][2, 2][1, 1]
[1, 0][0, 0][0, 0][0, 0][1, 1][1, 2]
[1, 1][1, 2][2, 0][2, 1][2, 2][1, 0]
[0, 0][0, 0][0, 0][0, 0][0, 0][0, 0]
[0, 0][1, 1][0, 0][1, 0][0, 0][1, 2]
the fitness function value: 0.217235
the searching time: 00:00:46
______________________________________________________
chromosome #25
[2, 2][1, 1][1, 0][1, 2][2, 0][2, 1]
[1, 1][2, 0][1, 2][2, 2][2, 1][1, 0]
[2, 0][2, 1][2, 2][1, 0][1, 1][1, 2]
[0, 0][0, 0][0, 0][0, 0][0, 0][0, 0]
[1, 2][2, 1][1, 0][1, 1][2, 0][2, 2]
[0, 0][0, 0][0, 0][0, 0][0, 0][0, 0]
[2, 1][2, 2][2, 0][1, 0][1, 2][1, 1]
the fitness function value: 0.217235
the searching time: 00:00:48
______________________________________________________
chromosome #26
[2, 2][1, 1][1, 0][1, 2][2, 0][2, 1]
[2, 0][2, 2][2, 1][1, 0][1, 1][1, 2]
[1, 2][1, 0][2, 0][2, 1][2, 2][1, 1]
[1, 0][0, 0][0, 0][0, 0][1, 1][1, 2]
[1, 1][1, 2][2, 0][2, 1][2, 2][1, 0]
[0, 0][0, 0][0, 0][0, 0][0, 0][0, 0]
[0, 0][1, 1][0, 0][1, 0][0, 0][1, 2]
the fitness function value: 0.217235
the searching time: 00:00:48
______________________________________________________
chromosome #27
[0, 0][0, 0][0, 0][0, 0][0, 0][0, 0]
[0, 0][1, 0][1, 2][0, 0][1, 1][0, 0]
[0, 0][0, 0][0, 0][0, 0][0, 0][0, 0]
[2, 2][1, 1][1, 0][2, 0][1, 2][2, 1]
[0, 0][1, 1][1, 2][0, 0][0, 0][1, 0]
[0, 0][0, 0][1, 2][0, 0][1, 1][1, 0]
[0, 0][0, 0][0, 0][0, 0][0, 0][0, 0]
the fitness function value: 0.219708
the searching time: 00:00:49
______________________________________________________
chromosome #28
[0, 0][0, 0][0, 0][0, 0][0, 0][0, 0]
[0, 0][0, 0][1, 0][1, 1][0, 0][1, 2]
[1, 2][0, 0][0, 0][0, 0][1, 0][1, 1]
[0, 0][1, 0][1, 1][1, 2][0, 0][0, 0]
[1, 1][1, 0][1, 2][2, 1][2, 2][2, 0]
[1, 2][2, 0][1, 1][2, 1][2, 2][1, 0]
[1, 0][2, 1][1, 1][1, 2][2, 0][2, 2]
the fitness function value: 0.217503
the searching time: 00:00:50
______________________________________________________
chromosome #29
[2, 2][1, 1][1, 0][1, 2][2, 0][2, 1]
[2, 0][2, 2][2, 1][1, 0][1, 1][1, 2]
[1, 2][1, 0][2, 0][2, 1][2, 2][1, 1]
[1, 0][0, 0][0, 0][0, 0][1, 1][1, 2]
[1, 1][1, 2][2, 0][2, 1][2, 2][1, 0]
[0, 0][0, 0][0, 0][0, 0][0, 0][0, 0]
[0, 0][1, 1][0, 0][1, 0][0, 0][1, 2]
the fitness function value: 0.217235
the searching time: 00:00:51
______________________________________________________
chromosome #30
[1, 0][1, 2][2, 0][2, 2][1, 1][2, 1]
[1, 0][2, 0][2, 1][1, 2][2, 2][1, 1]
[0, 0][0, 0][0, 0][0, 0][0, 0][0, 0]
[1, 0][0, 0][0, 0][0, 0][1, 1][1, 2]
[0, 0][0, 0][1, 1][1, 0][0, 0][1, 2]
[0, 0][0, 0][0, 0][0, 0][0, 0][0, 0]
[1, 2][2, 1][2, 0][2, 2][1, 1][1, 0]
the fitness function value: 0.217841
the searching time: 00:00:54
______________________________________________________
chromosome #31
[2, 2][1, 1][1, 0][1, 2][2, 0][2, 1]
[2, 0][2, 2][2, 1][1, 0][1, 1][1, 2]
[1, 2][1, 0][2, 0][2, 1][2, 2][1, 1]
[1, 0][0, 0][0, 0][0, 0][1, 1][1, 2]
[1, 1][1, 2][2, 0][2, 1][2, 2][1, 0]
[0, 0][0, 0][0, 0][0, 0][0, 0][0, 0]
[0, 0][1, 1][0, 0][1, 0][0, 0][1, 2]
the fitness function value: 0.217235
the searching time: 00:00:54
______________________________________________________
chromosome #32
[1, 0][1, 2][1, 1][0, 0][0, 0][0, 0]
[0, 0][1, 0][0, 0][1, 2][1, 1][0, 0]
[2, 0][2, 1][1, 1][2, 2][1, 0][1, 2]
[2, 1][1, 0][2, 2][1, 1][2, 0][1, 2]
[1, 1][1, 2][2, 0][2, 1][2, 2][1, 0]
[0, 0][0, 0][0, 0][0, 0][0, 0][0, 0]
[2, 2][1, 1][2, 0][2, 1][1, 0][1, 2]
the fitness function value: 0.217235
the searching time: 00:00:55
______________________________________________________
chromosome #33
[2, 2][1, 1][1, 0][1, 2][2, 0][2, 1]
[2, 0][2, 2][2, 1][1, 0][1, 1][1, 2]
[1, 2][1, 0][2, 0][2, 1][2, 2][1, 1]
[1, 0][0, 0][0, 0][0, 0][1, 1][1, 2]
[1, 1][1, 2][2, 0][2, 1][2, 2][1, 0]
[0, 0][0, 0][0, 0][0, 0][0, 0][0, 0]
[0, 0][1, 1][0, 0][1, 0][0, 0][1, 2]
the fitness function value: 0.217235
the searching time: 00:00:55
______________________________________________________
chromosome #34
[0, 0][0, 0][0, 0][0, 0][0, 0][0, 0]
[0, 0][1, 0][1, 2][0, 0][1, 1][0, 0]
[0, 0][0, 0][0, 0][0, 0][0, 0][0, 0]
[2, 2][1, 1][1, 0][2, 0][1, 2][2, 1]
[0, 0][1, 1][1, 2][0, 0][0, 0][1, 0]
[0, 0][0, 0][1, 2][0, 0][1, 1][1, 0]
[0, 0][0, 0][0, 0][0, 0][0, 0][0, 0]
the fitness function value: 0.219708
the searching time: 00:00:56
______________________________________________________
chromosome #35
[0, 0][0, 0][0, 0][0, 0][0, 0][0, 0]
[0, 0][0, 0][0, 0][0, 0][0, 0][0, 0]
[1, 2][1, 0][2, 0][2, 1][2, 2][1, 1]
[1, 0][0, 0][0, 0][0, 0][1, 1][1, 2]
[1, 0][2, 2][1, 1][1, 2][2, 0][2, 1]
[0, 0][0, 0][0, 0][0, 0][0, 0][0, 0]
[0, 0][1, 1][0, 0][1, 0][0, 0][1, 2]
the fitness function value: 0.21887
the searching time: 00:00:58
______________________________________________________
chromosome #36
[1, 0][0, 0][0, 0][0, 0][1, 1][1, 2]
[1, 0][2, 2][1, 2][2, 0][1, 1][2, 1]
[0, 0][0, 0][0, 0][1, 1][1, 2][1, 0]
[2, 1][1, 0][1, 1][1, 2][2, 0][2, 2]
[1, 0][1, 1][0, 0][1, 2][0, 0][0, 0]
[0, 0][0, 0][0, 0][0, 0][0, 0][0, 0]
[1, 0][2, 0][2, 1][1, 2][2, 2][1, 1]
the fitness function value: 0.217503
the searching time: 00:00:58
______________________________________________________
chromosome #37
[2, 2][1, 1][1, 0][1, 2][2, 0][2, 1]
[2, 0][2, 2][2, 1][1, 0][1, 1][1, 2]
[1, 2][1, 0][2, 0][2, 1][2, 2][1, 1]
[1, 0][0, 0][0, 0][0, 0][1, 1][1, 2]
[1, 1][1, 2][2, 0][2, 1][2, 2][1, 0]
[0, 0][0, 0][0, 0][0, 0][0, 0][0, 0]
[0, 0][1, 1][0, 0][1, 0][0, 0][1, 2]
the fitness function value: 0.217235
the searching time: 00:00:58
______________________________________________________
chromosome #38
[2, 2][1, 1][1, 0][1, 2][2, 0][2, 1]
[2, 0][2, 2][2, 1][1, 0][1, 1][1, 2]
[1, 2][1, 0][2, 0][2, 1][2, 2][1, 1]
[1, 0][0, 0][0, 0][0, 0][1, 1][1, 2]
[1, 1][1, 2][2, 0][2, 1][2, 2][1, 0]
[0, 0][0, 0][0, 0][0, 0][0, 0][0, 0]
[0, 0][1, 1][0, 0][1, 0][0, 0][1, 2]
the fitness function value: 0.217235
the searching time: 00:01:00
______________________________________________________
chromosome #39
[2, 2][1, 1][1, 0][1, 2][2, 0][2, 1]
[2, 0][2, 2][2, 1][1, 0][1, 1][1, 2]
[1, 2][1, 0][2, 0][2, 1][2, 2][1, 1]
[1, 0][0, 0][0, 0][0, 0][1, 1][1, 2]
[1, 1][1, 2][2, 0][2, 1][2, 2][1, 0]
[0, 0][0, 0][0, 0][0, 0][0, 0][0, 0]
[0, 0][1, 1][0, 0][1, 0][0, 0][1, 2]
the fitness function value: 0.217235
the searching time: 00:01:01
______________________________________________________
chromosome #40
[2, 2][1, 1][1, 0][1, 2][2, 0][2, 1]
[2, 0][2, 2][2, 1][1, 0][1, 1][1, 2]
[1, 2][1, 0][2, 0][2, 1][2, 2][1, 1]
[1, 0][0, 0][0, 0][0, 0][1, 1][1, 2]
[1, 1][1, 2][2, 0][2, 1][2, 2][1, 0]
[0, 0][0, 0][0, 0][0, 0][0, 0][0, 0]
[0, 0][1, 1][0, 0][1, 0][0, 0][1, 2]
the fitness function value: 0.217235
the searching time: 00:01:02
______________________________________________________
chromosome #41
[2, 2][1, 1][1, 0][1, 2][2, 0][2, 1]
[2, 0][2, 2][2, 1][1, 0][1, 1][1, 2]
[1, 2][1, 0][2, 0][2, 1][2, 2][1, 1]
[1, 0][0, 0][0, 0][0, 0][1, 1][1, 2]
[1, 1][1, 2][2, 0][2, 1][2, 2][1, 0]
[0, 0][0, 0][0, 0][0, 0][0, 0][0, 0]
[0, 0][1, 1][0, 0][1, 0][0, 0][1, 2]
the fitness function value: 0.217235
the searching time: 00:01:04
______________________________________________________
chromosome #42
[1, 2][1, 1][0, 0][0, 0][1, 0][0, 0]
[1, 1][2, 0][1, 2][2, 2][2, 1][1, 0]
[0, 0][0, 0][0, 0][0, 0][0, 0][0, 0]
[2, 0][2, 2][1, 0][1, 1][1, 2][2, 1]
[2, 1][1, 0][1, 2][2, 2][2, 0][1, 1]
[0, 0][0, 0][0, 0][0, 0][0, 0][0, 0]
[1, 0][0, 0][1, 2][0, 0][0, 0][1, 1]
the fitness function value: 0.217841
the searching time: 00:01:06
______________________________________________________
chromosome #43
[1, 0][1, 2][2, 0][1, 1][2, 1][2, 2]
[2, 0][2, 2][2, 1][1, 0][1, 1][1, 2]
[1, 1][1, 2][2, 2][2, 0][2, 1][1, 0]
[1, 1][1, 2][2, 1][2, 0][2, 2][1, 0]
[1, 1][1, 2][0, 0][0, 0][0, 0][1, 0]
[0, 0][0, 0][0, 0][0, 0][0, 0][0, 0]
[0, 0][0, 0][0, 0][0, 0][0, 0][0, 0]
the fitness function value: 0.217503
the searching time: 00:01:06
______________________________________________________
chromosome #44
[1, 0][1, 2][2, 0][2, 2][1, 1][2, 1]
[2, 0][2, 2][2, 1][1, 0][1, 1][1, 2]
[1, 1][1, 0][0, 0][1, 2][0, 0][0, 0]
[0, 0][0, 0][0, 0][0, 0][0, 0][0, 0]
[2, 1][2, 2][1, 1][1, 2][1, 0][2, 0]
[0, 0][0, 0][0, 0][0, 0][0, 0][0, 0]
[1, 0][2, 1][1, 1][1, 2][2, 0][2, 2]
the fitness function value: 0.217503
the searching time: 00:01:06
______________________________________________________
chromosome #45
[2, 2][1, 1][1, 0][1, 2][2, 0][2, 1]
[2, 0][2, 2][2, 1][1, 0][1, 1][1, 2]
[1, 2][1, 0][2, 0][2, 1][2, 2][1, 1]
[1, 0][0, 0][0, 0][0, 0][1, 1][1, 2]
[1, 1][1, 2][2, 0][2, 1][2, 2][1, 0]
[0, 0][0, 0][0, 0][0, 0][0, 0][0, 0]
[0, 0][1, 1][0, 0][1, 0][0, 0][1, 2]
the fitness function value: 0.217235
the searching time: 00:01:07
______________________________________________________
chromosome #46
[1, 2][2, 1][2, 0][2, 2][1, 1][1, 0]
[2, 1][2, 2][2, 0][1, 0][1, 1][1, 2]
[2, 2][2, 1][1, 1][1, 2][1, 0][2, 0]
[1, 0][1, 2][1, 1][0, 0][0, 0][0, 0]
[1, 1][1, 2][2, 0][2, 1][2, 2][1, 0]
[0, 0][0, 0][0, 0][0, 0][0, 0][0, 0]
[1, 0][2, 1][1, 1][1, 2][2, 0][2, 2]
the fitness function value: 0.262518
the searching time: 00:01:09
______________________________________________________
chromosome #47
[2, 2][1, 1][1, 0][1, 2][2, 0][2, 1]
[2, 0][2, 2][2, 1][1, 0][1, 1][1, 2]
[1, 2][1, 0][2, 0][2, 1][2, 2][1, 1]
[1, 0][0, 0][0, 0][0, 0][1, 1][1, 2]
[1, 1][1, 2][2, 0][2, 1][2, 2][1, 0]
[0, 0][0, 0][0, 0][0, 0][0, 0][0, 0]
[0, 0][1, 1][0, 0][1, 0][0, 0][1, 2]
the fitness function value: 0.217235
the searching time: 00:01:10
______________________________________________________
chromosome #48
[1, 1][0, 0][0, 0][1, 2][0, 0][1, 0]
[0, 0][1, 0][1, 2][0, 0][1, 1][0, 0]
[1, 1][1, 2][2, 2][2, 0][2, 1][1, 0]
[1, 0][0, 0][0, 0][0, 0][1, 1][1, 2]
[1, 1][1, 2][2, 0][2, 1][2, 2][1, 0]
[0, 0][0, 0][0, 0][0, 0][0, 0][0, 0]
[0, 0][1, 1][0, 0][1, 0][0, 0][1, 2]
the fitness function value: 0.263341
the searching time: 00:01:11
______________________________________________________
chromosome #49
[2, 2][1, 1][1, 0][1, 2][2, 0][2, 1]
[2, 0][2, 2][2, 1][1, 0][1, 1][1, 2]
[1, 2][1, 0][2, 0][2, 1][2, 2][1, 1]
[1, 0][0, 0][0, 0][0, 0][1, 1][1, 2]
[1, 1][1, 2][2, 0][2, 1][2, 2][1, 0]
[0, 0][0, 0][0, 0][0, 0][0, 0][0, 0]
[0, 0][1, 1][0, 0][1, 0][0, 0][1, 2]
the fitness function value: 0.217235
the searching time: 00:01:12
______________________________________________________
chromosome #50
[2, 2][1, 1][1, 0][1, 2][2, 0][2, 1]
[2, 0][2, 2][2, 1][1, 0][1, 1][1, 2]
[0, 0][0, 0][0, 0][0, 0][0, 0][0, 0]
[1, 0][0, 0][0, 0][0, 0][1, 1][1, 2]
[1, 1][1, 2][2, 0][2, 1][2, 2][1, 0]
[0, 0][0, 0][0, 0][0, 0][0, 0][0, 0]
[0, 0][0, 0][0, 0][0, 0][0, 0][0, 0]
the fitness function value: 0.218279
the searching time: 00:01:13
______________________________________________________
chromosome #51
[1, 0][0, 0][0, 0][1, 1][1, 2][0, 0]
[2, 0][2, 2][2, 1][1, 0][1, 1][1, 2]
[0, 0][0, 0][0, 0][0, 0][0, 0][0, 0]
[1, 1][2, 2][1, 0][1, 2][2, 0][2, 1]
[0, 0][0, 0][0, 0][0, 0][0, 0][0, 0]
[0, 0][0, 0][0, 0][0, 0][0, 0][0, 0]
[1, 0][0, 0][1, 2][0, 0][0, 0][1, 1]
the fitness function value: 0.21887
the searching time: 00:01:15
______________________________________________________
chromosome #52
[2, 2][1, 1][1, 0][1, 2][2, 0][2, 1]
[1, 0][1, 2][1, 1][0, 0][0, 0][0, 0]
[1, 1][1, 2][2, 2][2, 0][2, 1][1, 0]
[2, 1][1, 0][1, 1][1, 2][2, 0][2, 2]
[1, 2][2, 1][1, 0][1, 1][2, 0][2, 2]
[1, 0][1, 2][1, 1][0, 0][0, 0][0, 0]
[0, 0][0, 0][0, 0][0, 0][0, 0][0, 0]
the fitness function value: 0.217235
the searching time: 00:01:15
______________________________________________________
chromosome #53
[2, 2][1, 1][1, 0][1, 2][2, 0][2, 1]
[2, 0][2, 2][2, 1][1, 0][1, 1][1, 2]
[1, 2][1, 0][2, 0][2, 1][2, 2][1, 1]
[1, 0][0, 0][0, 0][0, 0][1, 1][1, 2]
[1, 1][1, 2][2, 0][2, 1][2, 2][1, 0]
[0, 0][0, 0][0, 0][0, 0][0, 0][0, 0]
[0, 0][1, 1][0, 0][1, 0][0, 0][1, 2]
the fitness function value: 0.217235
the searching time: 00:01:15
______________________________________________________
chromosome #54
[0, 0][0, 0][0, 0][0, 0][0, 0][0, 0]
[1, 0][2, 0][2, 1][1, 2][2, 2][1, 1]
[0, 0][0, 0][0, 0][0, 0][0, 0][0, 0]
[2, 2][1, 1][1, 0][2, 0][1, 2][2, 1]
[0, 0][1, 1][1, 2][0, 0][0, 0][1, 0]
[0, 0][0, 0][1, 2][0, 0][1, 1][1, 0]
[0, 0][0, 0][0, 0][0, 0][0, 0][0, 0]
the fitness function value: 0.21887
the searching time: 00:01:16
______________________________________________________
chromosome #55
[0, 0][0, 0][0, 0][0, 0][0, 0][0, 0]
[2, 0][1, 1][2, 2][1, 0][1, 2][2, 1]
[0, 0][0, 0][0, 0][0, 0][0, 0][0, 0]
[2, 0][2, 2][1, 0][1, 1][1, 2][2, 1]
[1, 1][0, 0][0, 0][1, 0][0, 0][1, 2]
[0, 0][1, 1][1, 2][0, 0][1, 0][0, 0]
[0, 0][0, 0][1, 2][1, 0][0, 0][1, 1]
the fitness function value: 0.218279
the searching time: 00:01:16
______________________________________________________
chromosome #56
[0, 0][0, 0][0, 0][0, 0][0, 0][0, 0]
[1, 1][2, 0][1, 2][2, 2][2, 1][1, 0]
[1, 2][1, 0][2, 0][2, 1][2, 2][1, 1]
[0, 0][0, 0][1, 1][0, 0][1, 0][1, 2]
[1, 1][1, 0][1, 2][2, 1][2, 2][2, 0]
[0, 0][0, 0][0, 0][0, 0][0, 0][0, 0]
[2, 2][1, 1][2, 0][2, 1][1, 0][1, 2]
the fitness function value: 0.217503
the searching time: 00:01:16
______________________________________________________
chromosome #57
[2, 2][1, 0][1, 2][2, 0][2, 1][1, 1]
[1, 1][2, 0][1, 2][2, 2][2, 1][1, 0]
[1, 2][1, 0][2, 0][2, 1][2, 2][1, 1]
[0, 0][0, 0][1, 1][0, 0][1, 0][1, 2]
[1, 1][1, 2][2, 0][2, 1][2, 2][1, 0]
[0, 0][0, 0][0, 0][0, 0][0, 0][0, 0]
[0, 0][1, 1][0, 0][1, 0][0, 0][1, 2]
the fitness function value: 0.217235
the searching time: 00:01:16
______________________________________________________
chromosome #58
[0, 0][0, 0][0, 0][0, 0][0, 0][0, 0]
[0, 0][1, 0][1, 2][0, 0][1, 1][0, 0]
[0, 0][0, 0][0, 0][0, 0][0, 0][0, 0]
[2, 2][1, 1][1, 0][2, 0][1, 2][2, 1]
[0, 0][1, 1][1, 2][0, 0][0, 0][1, 0]
[0, 0][0, 0][1, 2][0, 0][1, 1][1, 0]
[0, 0][0, 0][0, 0][0, 0][0, 0][0, 0]
the fitness function value: 0.219708
the searching time: 00:01:17
______________________________________________________
chromosome #59
[0, 0][0, 0][0, 0][0, 0][0, 0][0, 0]
[2, 0][1, 1][2, 2][1, 0][1, 2][2, 1]
[0, 0][0, 0][0, 0][0, 0][0, 0][0, 0]
[2, 0][2, 2][1, 0][1, 1][1, 2][2, 1]
[1, 1][0, 0][0, 0][1, 0][0, 0][1, 2]
[0, 0][1, 1][1, 2][0, 0][1, 0][0, 0]
[0, 0][0, 0][1, 2][1, 0][0, 0][1, 1]
the fitness function value: 0.218279
the searching time: 00:01:17
______________________________________________________
chromosome #60
[1, 0][1, 2][0, 0][0, 0][1, 1][0, 0]
[1, 0][2, 1][2, 2][1, 1][1, 2][2, 0]
[0, 0][0, 0][0, 0][0, 0][0, 0][0, 0]
[1, 0][2, 0][2, 1][1, 2][2, 2][1, 1]
[0, 0][0, 0][0, 0][0, 0][0, 0][0, 0]
[1, 1][1, 2][2, 0][2, 1][2, 2][1, 0]
[1, 1][2, 0][1, 0][2, 2][2, 1][1, 2]
the fitness function value: 0.217503
the searching time: 00:01:17
______________________________________________________
chromosome #61
[0, 0][0, 0][0, 0][0, 0][0, 0][0, 0]
[2, 0][1, 1][2, 2][1, 0][1, 2][2, 1]
[0, 0][0, 0][0, 0][0, 0][0, 0][0, 0]
[2, 0][2, 2][1, 0][1, 1][1, 2][2, 1]
[1, 1][0, 0][0, 0][1, 0][0, 0][1, 2]
[0, 0][1, 1][1, 2][0, 0][1, 0][0, 0]
[0, 0][0, 0][1, 2][1, 0][0, 0][1, 1]
the fitness function value: 0.218279
the searching time: 00:01:18
______________________________________________________
chromosome #62
[0, 0][1, 0][0, 0][1, 1][1, 2][0, 0]
[2, 0][1, 1][2, 2][1, 2][2, 1][1, 0]
[0, 0][0, 0][0, 0][1, 0][1, 1][1, 2]
[0, 0][0, 0][0, 0][0, 0][0, 0][0, 0]
[2, 0][2, 2][2, 1][1, 2][1, 0][1, 1]
[0, 0][0, 0][0, 0][0, 0][0, 0][0, 0]
[2, 2][1, 1][2, 0][2, 1][1, 0][1, 2]
the fitness function value: 0.217841
the searching time: 00:01:19
______________________________________________________
chromosome #63
[2, 2][1, 1][1, 0][1, 2][2, 0][2, 1]
[2, 0][2, 2][2, 1][1, 0][1, 1][1, 2]
[1, 2][1, 0][2, 0][2, 1][2, 2][1, 1]
[1, 0][0, 0][0, 0][0, 0][1, 1][1, 2]
[1, 1][1, 2][2, 0][2, 1][2, 2][1, 0]
[0, 0][0, 0][0, 0][0, 0][0, 0][0, 0]
[0, 0][1, 1][0, 0][1, 0][0, 0][1, 2]
the fitness function value: 0.217235
the searching time: 00:01:20
______________________________________________________
chromosome #64
[2, 2][1, 1][1, 0][1, 2][2, 0][2, 1]
[2, 0][2, 2][2, 1][1, 0][1, 1][1, 2]
[1, 2][1, 0][2, 0][2, 1][2, 2][1, 1]
[1, 0][0, 0][0, 0][0, 0][1, 1][1, 2]
[1, 1][1, 2][2, 0][2, 1][2, 2][1, 0]
[0, 0][0, 0][0, 0][0, 0][0, 0][0, 0]
[0, 0][1, 1][0, 0][1, 0][0, 0][1, 2]
the fitness function value: 0.217235
the searching time: 00:01:21
______________________________________________________
chromosome #65
[1, 0][1, 2][2, 0][2, 2][1, 1][2, 1]
[2, 0][2, 2][2, 1][1, 0][1, 1][1, 2]
[2, 0][1, 1][2, 1][2, 2][1, 2][1, 0]
[1, 2][2, 0][2, 2][2, 1][1, 0][1, 1]
[1, 1][1, 0][1, 2][2, 1][2, 2][2, 0]
[1, 2][1, 1][2, 1][2, 2][2, 0][1, 0]
[2, 2][1, 1][2, 0][2, 1][1, 0][1, 2]
the fitness function value: 0.337889
the searching time: 00:01:22
______________________________________________________
chromosome #66
[2, 2][1, 1][1, 0][1, 2][2, 0][2, 1]
[2, 0][2, 2][2, 1][1, 0][1, 1][1, 2]
[1, 2][1, 0][2, 0][2, 1][2, 2][1, 1]
[0, 0][0, 0][1, 1][0, 0][1, 0][1, 2]
[0, 0][1, 1][1, 2][0, 0][0, 0][1, 0]
[0, 0][0, 0][1, 2][0, 0][1, 1][1, 0]
[0, 0][0, 0][0, 0][0, 0][0, 0][0, 0]
the fitness function value: 0.217503
the searching time: 00:01:22
______________________________________________________
chromosome #67
[2, 2][1, 1][1, 0][1, 2][2, 0][2, 1]
[2, 0][2, 2][2, 1][1, 0][1, 1][1, 2]
[1, 2][1, 0][2, 0][2, 1][2, 2][1, 1]
[1, 0][0, 0][0, 0][0, 0][1, 1][1, 2]
[1, 1][1, 2][2, 0][2, 1][2, 2][1, 0]
[0, 0][0, 0][0, 0][0, 0][0, 0][0, 0]
[0, 0][1, 1][0, 0][1, 0][0, 0][1, 2]
the fitness function value: 0.217235
the searching time: 00:01:23
______________________________________________________
chromosome #68
[2, 2][1, 1][1, 0][1, 2][2, 0][2, 1]
[2, 0][2, 2][2, 1][1, 0][1, 1][1, 2]
[1, 2][1, 0][2, 0][2, 1][2, 2][1, 1]
[1, 0][0, 0][0, 0][0, 0][1, 1][1, 2]
[1, 1][1, 2][2, 0][2, 1][2, 2][1, 0]
[0, 0][0, 0][0, 0][0, 0][0, 0][0, 0]
[0, 0][1, 1][0, 0][1, 0][0, 0][1, 2]
the fitness function value: 0.217235
the searching time: 00:01:24
______________________________________________________
chromosome #69
[2, 2][1, 1][1, 0][1, 2][2, 0][2, 1]
[2, 0][2, 2][2, 1][1, 0][1, 1][1, 2]
[1, 2][1, 0][2, 0][2, 1][2, 2][1, 1]
[0, 0][0, 0][1, 1][0, 0][1, 0][1, 2]
[0, 0][1, 1][1, 2][0, 0][0, 0][1, 0]
[0, 0][0, 0][1, 2][0, 0][1, 1][1, 0]
[0, 0][0, 0][0, 0][0, 0][0, 0][0, 0]
the fitness function value: 0.217503
the searching time: 00:01:25
______________________________________________________
chromosome #70
[2, 2][1, 1][1, 0][1, 2][2, 0][2, 1]
[2, 0][2, 2][2, 1][1, 0][1, 1][1, 2]
[1, 2][1, 0][2, 0][2, 1][2, 2][1, 1]
[1, 0][0, 0][0, 0][0, 0][1, 1][1, 2]
[1, 1][1, 2][2, 0][2, 1][2, 2][1, 0]
[0, 0][0, 0][0, 0][0, 0][0, 0][0, 0]
[0, 0][1, 1][0, 0][1, 0][0, 0][1, 2]
the fitness function value: 0.217235
the searching time: 00:01:25
______________________________________________________
chromosome #71
[0, 0][0, 0][0, 0][0, 0][0, 0][0, 0]
[0, 0][1, 0][1, 2][0, 0][1, 1][0, 0]
[0, 0][0, 0][0, 0][0, 0][0, 0][0, 0]
[2, 2][1, 1][1, 0][2, 0][1, 2][2, 1]
[0, 0][1, 1][1, 2][0, 0][0, 0][1, 0]
[0, 0][0, 0][1, 2][0, 0][1, 1][1, 0]
[0, 0][0, 0][0, 0][0, 0][0, 0][0, 0]
the fitness function value: 0.219708
the searching time: 00:01:26
______________________________________________________
chromosome #72
[2, 0][1, 0][2, 1][2, 2][1, 1][1, 2]
[0, 0][0, 0][0, 0][0, 0][0, 0][0, 0]
[1, 2][1, 0][1, 1][2, 0][2, 2][2, 1]
[0, 0][1, 0][0, 0][1, 1][1, 2][0, 0]
[0, 0][0, 0][0, 0][0, 0][0, 0][0, 0]
[2, 1][2, 2][1, 0][1, 1][2, 0][1, 2]
[1, 2][2, 0][2, 1][2, 2][1, 1][1, 0]
the fitness function value: 0.263003
the searching time: 00:01:27
______________________________________________________
chromosome #73
[2, 2][1, 1][1, 0][1, 2][2, 0][2, 1]
[2, 0][2, 2][2, 1][1, 0][1, 1][1, 2]
[1, 2][1, 0][2, 0][2, 1][2, 2][1, 1]
[1, 0][0, 0][0, 0][0, 0][1, 1][1, 2]
[1, 1][1, 2][2, 0][2, 1][2, 2][1, 0]
[0, 0][0, 0][0, 0][0, 0][0, 0][0, 0]
[0, 0][1, 1][0, 0][1, 0][0, 0][1, 2]
the fitness function value: 0.217235
the searching time: 00:01:27
______________________________________________________
chromosome #74
[0, 0][0, 0][0, 0][0, 0][0, 0][0, 0]
[0, 0][1, 0][1, 2][0, 0][1, 1][0, 0]
[0, 0][0, 0][0, 0][0, 0][0, 0][0, 0]
[2, 2][1, 1][1, 0][2, 0][1, 2][2, 1]
[0, 0][1, 1][1, 2][0, 0][0, 0][1, 0]
[0, 0][0, 0][1, 2][0, 0][1, 1][1, 0]
[0, 0][0, 0][0, 0][0, 0][0, 0][0, 0]
the fitness function value: 0.219708
the searching time: 00:01:28
______________________________________________________
chromosome #75
[2, 2][1, 1][1, 0][1, 2][2, 0][2, 1]
[2, 0][2, 2][2, 1][1, 0][1, 1][1, 2]
[1, 2][1, 0][2, 0][2, 1][2, 2][1, 1]
[1, 0][0, 0][0, 0][0, 0][1, 1][1, 2]
[1, 1][1, 2][2, 0][2, 1][2, 2][1, 0]
[0, 0][0, 0][0, 0][0, 0][0, 0][0, 0]
[0, 0][1, 1][0, 0][1, 0][0, 0][1, 2]
the fitness function value: 0.217235
the searching time: 00:01:28
______________________________________________________
chromosome #76
[0, 0][0, 0][0, 0][0, 0][0, 0][0, 0]
[0, 0][1, 0][1, 2][0, 0][1, 1][0, 0]
[0, 0][0, 0][0, 0][0, 0][0, 0][0, 0]
[2, 2][1, 1][1, 0][2, 0][1, 2][2, 1]
[0, 0][1, 1][1, 2][0, 0][0, 0][1, 0]
[0, 0][0, 0][1, 2][0, 0][1, 1][1, 0]
[0, 0][0, 0][0, 0][0, 0][0, 0][0, 0]
the fitness function value: 0.219708
the searching time: 00:01:29
______________________________________________________
chromosome #77
[0, 0][0, 0][0, 0][0, 0][0, 0][0, 0]
[0, 0][1, 0][1, 2][0, 0][1, 1][0, 0]
[0, 0][0, 0][0, 0][0, 0][0, 0][0, 0]
[2, 2][1, 1][1, 0][2, 0][1, 2][2, 1]
[0, 0][1, 1][1, 2][0, 0][0, 0][1, 0]
[0, 0][0, 0][1, 2][0, 0][1, 1][1, 0]
[0, 0][0, 0][0, 0][0, 0][0, 0][0, 0]
the fitness function value: 0.219708
the searching time: 00:01:30
______________________________________________________
chromosome #78
[1, 2][1, 0][0, 0][0, 0][1, 1][0, 0]
[2, 0][2, 2][2, 1][1, 0][1, 1][1, 2]
[0, 0][1, 1][1, 0][1, 2][0, 0][0, 0]
[0, 0][1, 2][0, 0][0, 0][1, 0][1, 1]
[1, 1][0, 0][1, 0][1, 2][0, 0][0, 0]
[0, 0][0, 0][0, 0][0, 0][0, 0][0, 0]
[1, 0][1, 1][2, 0][2, 1][2, 2][1, 2]
the fitness function value: 0.217841
the searching time: 00:01:30
______________________________________________________
chromosome #79
[2, 2][1, 1][1, 0][1, 2][2, 0][2, 1]
[2, 0][2, 2][2, 1][1, 0][1, 1][1, 2]
[1, 2][1, 0][2, 0][2, 1][2, 2][1, 1]
[1, 0][0, 0][0, 0][0, 0][1, 1][1, 2]
[1, 1][1, 2][2, 0][2, 1][2, 2][1, 0]
[0, 0][0, 0][0, 0][0, 0][0, 0][0, 0]
[0, 0][1, 1][0, 0][1, 0][0, 0][1, 2]
the fitness function value: 0.217235
the searching time: 00:01:30
______________________________________________________
chromosome #80
[0, 0][0, 0][0, 0][0, 0][0, 0][0, 0]
[0, 0][1, 0][1, 2][0, 0][1, 1][0, 0]
[0, 0][0, 0][0, 0][0, 0][0, 0][0, 0]
[2, 2][1, 1][1, 0][2, 0][1, 2][2, 1]
[0, 0][1, 1][1, 2][0, 0][0, 0][1, 0]
[0, 0][0, 0][1, 2][0, 0][1, 1][1, 0]
[0, 0][0, 0][0, 0][0, 0][0, 0][0, 0]
the fitness function value: 0.219708
the searching time: 00:01:31
______________________________________________________
chromosome #81
[0, 0][0, 0][0, 0][0, 0][0, 0][0, 0]
[2, 0][1, 1][2, 2][1, 0][1, 2][2, 1]
[0, 0][0, 0][0, 0][0, 0][0, 0][0, 0]
[2, 0][2, 2][1, 0][1, 1][1, 2][2, 1]
[1, 1][0, 0][0, 0][1, 0][0, 0][1, 2]
[0, 0][1, 1][1, 2][0, 0][1, 0][0, 0]
[0, 0][0, 0][1, 2][1, 0][0, 0][1, 1]
the fitness function value: 0.218279
the searching time: 00:01:31
______________________________________________________
chromosome #82
[2, 2][1, 1][1, 0][1, 2][2, 0][2, 1]
[2, 0][2, 2][2, 1][1, 0][1, 1][1, 2]
[1, 2][1, 0][2, 0][2, 1][2, 2][1, 1]
[1, 0][0, 0][0, 0][0, 0][1, 1][1, 2]
[1, 1][1, 2][2, 0][2, 1][2, 2][1, 0]
[0, 0][0, 0][0, 0][0, 0][0, 0][0, 0]
[0, 0][1, 1][0, 0][1, 0][0, 0][1, 2]
the fitness function value: 0.217235
the searching time: 00:01:31
______________________________________________________
chromosome #83
[0, 0][0, 0][0, 0][0, 0][0, 0][0, 0]
[2, 0][1, 1][2, 2][1, 0][1, 2][2, 1]
[0, 0][0, 0][0, 0][0, 0][0, 0][0, 0]
[2, 0][2, 2][1, 0][1, 1][1, 2][2, 1]
[1, 1][0, 0][0, 0][1, 0][0, 0][1, 2]
[0, 0][1, 1][1, 2][0, 0][1, 0][0, 0]
[0, 0][0, 0][1, 2][1, 0][0, 0][1, 1]
the fitness function value: 0.218279
the searching time: 00:01:32
______________________________________________________
chromosome #84
[1, 0][1, 2][0, 0][0, 0][1, 1][0, 0]
[1, 0][2, 1][2, 2][1, 1][1, 2][2, 0]
[0, 0][0, 0][0, 0][0, 0][0, 0][0, 0]
[1, 0][2, 0][2, 1][1, 2][2, 2][1, 1]
[0, 0][0, 0][0, 0][0, 0][0, 0][0, 0]
[1, 1][1, 2][2, 0][2, 1][2, 2][1, 0]
[1, 1][2, 0][1, 0][2, 2][2, 1][1, 2]
the fitness function value: 0.217503
the searching time: 00:01:32
______________________________________________________
chromosome #85
[0, 0][0, 0][0, 0][0, 0][0, 0][0, 0]
[0, 0][1, 0][1, 2][0, 0][1, 1][0, 0]
[0, 0][0, 0][0, 0][0, 0][0, 0][0, 0]
[2, 2][1, 1][1, 0][2, 0][1, 2][2, 1]
[0, 0][1, 1][1, 2][0, 0][0, 0][1, 0]
[0, 0][0, 0][1, 2][0, 0][1, 1][1, 0]
[0, 0][0, 0][0, 0][0, 0][0, 0][0, 0]
the fitness function value: 0.219708
the searching time: 00:01:33
______________________________________________________
chromosome #86
[0, 0][0, 0][0, 0][0, 0][0, 0][0, 0]
[2, 1][2, 2][1, 1][1, 2][1, 0][2, 0]
[0, 0][0, 0][0, 0][0, 0][0, 0][0, 0]
[1, 0][0, 0][0, 0][0, 0][1, 1][1, 2]
[0, 0][1, 0][1, 1][0, 0][1, 2][0, 0]
[1, 0][1, 1][2, 1][1, 2][2, 2][2, 0]
[2, 2][1, 1][2, 0][2, 1][1, 0][1, 2]
the fitness function value: 0.217841
the searching time: 00:01:34
______________________________________________________
chromosome #87
[2, 2][1, 1][1, 0][1, 2][2, 0][2, 1]
[2, 0][2, 2][2, 1][1, 0][1, 1][1, 2]
[1, 2][1, 0][2, 0][2, 1][2, 2][1, 1]
[1, 0][0, 0][0, 0][0, 0][1, 1][1, 2]
[1, 1][1, 2][2, 0][2, 1][2, 2][1, 0]
[0, 0][0, 0][0, 0][0, 0][0, 0][0, 0]
[0, 0][1, 1][0, 0][1, 0][0, 0][1, 2]
the fitness function value: 0.217235
the searching time: 00:01:34
______________________________________________________
chromosome #88
[0, 0][0, 0][0, 0][0, 0][0, 0][0, 0]
[0, 0][1, 0][1, 2][0, 0][1, 1][0, 0]
[0, 0][0, 0][0, 0][0, 0][0, 0][0, 0]
[2, 2][1, 1][1, 0][2, 0][1, 2][2, 1]
[0, 0][1, 1][1, 2][0, 0][0, 0][1, 0]
[0, 0][0, 0][1, 2][0, 0][1, 1][1, 0]
[0, 0][0, 0][0, 0][0, 0][0, 0][0, 0]
the fitness function value: 0.219708
the searching time: 00:01:35
______________________________________________________
chromosome #89
[0, 0][1, 0][1, 2][0, 0][0, 0][1, 1]
[1, 0][2, 0][2, 1][1, 2][2, 2][1, 1]
[1, 2][1, 0][2, 0][2, 1][2, 2][1, 1]
[0, 0][0, 0][0, 0][0, 0][0, 0][0, 0]
[1, 1][1, 0][1, 2][2, 1][2, 2][2, 0]
[0, 0][0, 0][0, 0][0, 0][0, 0][0, 0]
[1, 2][2, 1][2, 0][2, 2][1, 1][1, 0]
the fitness function value: 0.217503
the searching time: 00:01:37
______________________________________________________
chromosome #90
[0, 0][0, 0][0, 0][0, 0][0, 0][0, 0]
[0, 0][1, 0][1, 2][0, 0][1, 1][0, 0]
[0, 0][0, 0][0, 0][0, 0][0, 0][0, 0]
[2, 2][1, 1][1, 0][2, 0][1, 2][2, 1]
[0, 0][1, 1][1, 2][0, 0][0, 0][1, 0]
[0, 0][0, 0][1, 2][0, 0][1, 1][1, 0]
[0, 0][0, 0][0, 0][0, 0][0, 0][0, 0]
the fitness function value: 0.219708
the searching time: 00:01:38
______________________________________________________
chromosome #91
[2, 2][1, 1][1, 0][1, 2][2, 0][2, 1]
[2, 2][2, 0][1, 0][1, 2][2, 1][1, 1]
[2, 0][2, 1][2, 2][1, 0][1, 1][1, 2]
[1, 0][0, 0][0, 0][0, 0][1, 1][1, 2]
[1, 1][1, 2][2, 0][2, 1][2, 2][1, 0]
[0, 0][0, 0][0, 0][0, 0][0, 0][0, 0]
[0, 0][1, 1][0, 0][1, 0][0, 0][1, 2]
the fitness function value: 0.262735
the searching time: 00:01:39
______________________________________________________
chromosome #92
[0, 0][0, 0][0, 0][0, 0][0, 0][0, 0]
[0, 0][1, 0][1, 2][0, 0][1, 1][0, 0]
[0, 0][0, 0][0, 0][0, 0][0, 0][0, 0]
[2, 2][1, 1][1, 0][2, 0][1, 2][2, 1]
[0, 0][1, 1][1, 2][0, 0][0, 0][1, 0]
[0, 0][0, 0][1, 2][0, 0][1, 1][1, 0]
[0, 0][0, 0][0, 0][0, 0][0, 0][0, 0]
the fitness function value: 0.219708
the searching time: 00:01:39
______________________________________________________
chromosome #93
[0, 0][0, 0][0, 0][0, 0][0, 0][0, 0]
[0, 0][1, 0][1, 2][0, 0][1, 1][0, 0]
[0, 0][0, 0][0, 0][0, 0][0, 0][0, 0]
[2, 2][1, 1][1, 0][2, 0][1, 2][2, 1]
[0, 0][1, 1][1, 2][0, 0][0, 0][1, 0]
[0, 0][0, 0][1, 2][0, 0][1, 1][1, 0]
[0, 0][0, 0][0, 0][0, 0][0, 0][0, 0]
the fitness function value: 0.219708
the searching time: 00:01:40
______________________________________________________
chromosome #94
[0, 0][0, 0][0, 0][0, 0][0, 0][0, 0]
[2, 0][1, 1][2, 2][1, 0][1, 2][2, 1]
[0, 0][0, 0][0, 0][0, 0][0, 0][0, 0]
[2, 0][2, 2][1, 0][1, 1][1, 2][2, 1]
[1, 1][0, 0][0, 0][1, 0][0, 0][1, 2]
[0, 0][1, 1][1, 2][0, 0][1, 0][0, 0]
[0, 0][0, 0][1, 2][1, 0][0, 0][1, 1]
the fitness function value: 0.218279
the searching time: 00:01:40
______________________________________________________
chromosome #95
[0, 0][0, 0][0, 0][0, 0][0, 0][0, 0]
[0, 0][1, 0][1, 2][0, 0][1, 1][0, 0]
[0, 0][0, 0][0, 0][0, 0][0, 0][0, 0]
[2, 2][1, 1][1, 0][2, 0][1, 2][2, 1]
[0, 0][1, 1][1, 2][0, 0][0, 0][1, 0]
[0, 0][0, 0][1, 2][0, 0][1, 1][1, 0]
[0, 0][0, 0][0, 0][0, 0][0, 0][0, 0]
the fitness function value: 0.219708
the searching time: 00:01:41
______________________________________________________
chromosome #96
[0, 0][0, 0][0, 0][0, 0][0, 0][0, 0]
[2, 0][1, 1][2, 2][1, 0][1, 2][2, 1]
[0, 0][0, 0][0, 0][0, 0][0, 0][0, 0]
[2, 0][2, 2][1, 0][1, 1][1, 2][2, 1]
[1, 1][0, 0][0, 0][1, 0][0, 0][1, 2]
[0, 0][1, 1][1, 2][0, 0][1, 0][0, 0]
[0, 0][0, 0][1, 2][1, 0][0, 0][1, 1]
the fitness function value: 0.218279
the searching time: 00:01:41
______________________________________________________
chromosome #97
[2, 2][1, 1][1, 0][1, 2][2, 0][2, 1]
[2, 0][2, 2][2, 1][1, 0][1, 1][1, 2]
[0, 0][0, 0][0, 0][0, 0][0, 0][0, 0]
[1, 0][0, 0][0, 0][0, 0][1, 1][1, 2]
[0, 0][1, 1][1, 0][0, 0][1, 2][0, 0]
[0, 0][0, 0][0, 0][0, 0][0, 0][0, 0]
[0, 0][0, 0][0, 0][0, 0][0, 0][0, 0]
the fitness function value: 0.21887
the searching time: 00:01:47
______________________________________________________
chromosome #98
[2, 2][1, 0][1, 1][1, 2][2, 0][2, 1]
[1, 1][2, 0][1, 2][2, 2][2, 1][1, 0]
[0, 0][0, 0][1, 1][0, 0][1, 0][1, 2]
[0, 0][0, 0][1, 1][0, 0][1, 0][1, 2]
[0, 0][0, 0][0, 0][0, 0][0, 0][0, 0]
[1, 0][1, 2][1, 1][0, 0][0, 0][0, 0]
[1, 0][2, 0][2, 1][2, 2][1, 1][1, 2]
the fitness function value: 0.217503
the searching time: 00:01:47
______________________________________________________
chromosome #99
[0, 0][0, 0][0, 0][0, 0][0, 0][0, 0]
[0, 0][1, 0][1, 2][0, 0][1, 1][0, 0]
[0, 0][0, 0][0, 0][0, 0][0, 0][0, 0]
[2, 2][1, 1][1, 0][2, 0][1, 2][2, 1]
[0, 0][1, 1][1, 2][0, 0][0, 0][1, 0]
[0, 0][0, 0][1, 2][0, 0][1, 1][1, 0]
[0, 0][0, 0][0, 0][0, 0][0, 0][0, 0]
the fitness function value: 0.219708
the searching time: 00:01:48
______________________________________________________

    