The Complete Best Results are saved in 20200312_114708.txt 

    Inputed Truth Table:
------------------------
    inputs
    X  Y  C1  A1  A2
0  0  0   0   1   0
1  0  0   1   1   0
2  0  1   0   1   0
3  0  1   1   1   0
4  1  0   0   1   0
5  1  0   1   1   0
6  1  1   0   1   0
7  1  1   1   1   0
	outputs
    S  C2  P    G1    G2
0  0   0  0  None  None
1  1   0  0  None  None
2  1   0  1  None  None
3  0   1  1  None  None
4  1   0  1  None  None
5  0   1  1  None  None
6  0   1  0  None  None
7  1   1  0  None  None

    Configurations:
-------------------
generation size: 8000
chromosome size: 10
crossover probability: 0.8
mutation probability: 0.02
memorised number: 100
iterations limit: 1000
alpha: 0.91
betta: 0.03
gamma: 0.03
lambda: 0.03
process time: 1200

    Results:
------------
    chromosome #0
[0, 0][0, 0][0, 0][0, 0][0, 0]
[0, 0][0, 0][0, 0][0, 0][0, 0]
[1, 0][0, 0][0, 0][1, 1][1, 2]
[0, 0][1, 0][0, 0][1, 1][1, 2]
[0, 0][0, 0][0, 0][0, 0][0, 0]
[0, 0][0, 0][0, 0][0, 0][0, 0]
[0, 0][0, 0][0, 0][0, 0][0, 0]
[0, 0][0, 0][0, 0][0, 0][0, 0]
[0, 0][1, 1][1, 2][1, 0][0, 0]
[1, 1][0, 0][1, 0][1, 2][0, 0]
the fitness function value: 0.343773
the searching time: 00:00:00
______________________________________________________
chromosome #1
[0, 0][0, 0][0, 0][0, 0][0, 0]
[1, 0][0, 0][0, 0][1, 1][1, 2]
[0, 0][0, 0][0, 0][0, 0][0, 0]
[1, 1][1, 0][0, 0][1, 2][0, 0]
[0, 0][0, 0][0, 0][0, 0][0, 0]
[0, 0][0, 0][0, 0][0, 0][0, 0]
[0, 0][0, 0][0, 0][0, 0][0, 0]
[0, 0][0, 0][0, 0][0, 0][0, 0]
[0, 0][1, 1][1, 0][1, 2][0, 0]
[0, 0][1, 0][1, 1][0, 0][1, 2]
the fitness function value: 0.343773
the searching time: 00:00:00
______________________________________________________
chromosome #2
[0, 0][0, 0][0, 0][0, 0][0, 0]
[0, 0][1, 1][1, 2][0, 0][1, 0]
[0, 0][0, 0][0, 0][0, 0][0, 0]
[0, 0][0, 0][0, 0][0, 0][0, 0]
[0, 0][1, 0][0, 0][1, 1][1, 2]
[0, 0][0, 0][0, 0][0, 0][0, 0]
[0, 0][0, 0][0, 0][0, 0][0, 0]
[1, 0][0, 0][0, 0][1, 1][1, 2]
[1, 1][0, 0][1, 2][0, 0][1, 0]
[0, 0][0, 0][0, 0][0, 0][0, 0]
the fitness function value: 0.343773
the searching time: 00:00:00
______________________________________________________
chromosome #3
[1, 2][1, 0][1, 1][0, 0][0, 0]
[0, 0][0, 0][1, 0][1, 1][1, 2]
[0, 0][0, 0][0, 0][0, 0][0, 0]
[1, 2][0, 0][1, 1][1, 0][0, 0]
[1, 1][1, 0][0, 0][1, 2][0, 0]
[1, 0][1, 1][1, 2][0, 0][0, 0]
[0, 0][0, 0][0, 0][0, 0][0, 0]
[1, 1][0, 0][1, 2][0, 0][1, 0]
[1, 2][1, 0][0, 0][1, 1][0, 0]
[0, 0][0, 0][0, 0][0, 0][0, 0]
the fitness function value: 0.492735
the searching time: 00:00:21
______________________________________________________
chromosome #4
[0, 0][0, 0][0, 0][0, 0][0, 0]
[0, 0][0, 0][0, 0][0, 0][0, 0]
[1, 0][0, 0][0, 0][1, 1][1, 2]
[0, 0][1, 0][0, 0][1, 1][1, 2]
[0, 0][0, 0][0, 0][0, 0][0, 0]
[0, 0][0, 0][0, 0][0, 0][0, 0]
[0, 0][0, 0][0, 0][0, 0][0, 0]
[0, 0][0, 0][0, 0][0, 0][0, 0]
[0, 0][1, 1][1, 2][1, 0][0, 0]
[0, 0][0, 0][0, 0][0, 0][0, 0]
the fitness function value: 0.345914
the searching time: 00:00:21
______________________________________________________
chromosome #5
[0, 0][0, 0][0, 0][0, 0][0, 0]
[0, 0][1, 1][1, 2][0, 0][1, 0]
[0, 0][0, 0][0, 0][0, 0][0, 0]
[0, 0][0, 0][0, 0][0, 0][0, 0]
[0, 0][1, 0][0, 0][1, 1][1, 2]
[0, 0][0, 0][0, 0][0, 0][0, 0]
[0, 0][0, 0][0, 0][0, 0][0, 0]
[1, 0][1, 2][0, 0][1, 1][0, 0]
[0, 0][0, 0][0, 0][0, 0][0, 0]
[0, 0][1, 0][1, 1][0, 0][1, 2]
the fitness function value: 0.343773
the searching time: 00:00:21
______________________________________________________
chromosome #6
[0, 0][0, 0][0, 0][0, 0][0, 0]
[0, 0][0, 0][0, 0][0, 0][0, 0]
[1, 0][0, 0][0, 0][1, 1][1, 2]
[0, 0][1, 0][0, 0][1, 1][1, 2]
[1, 1][1, 2][0, 0][1, 0][0, 0]
[0, 0][1, 2][1, 0][1, 1][0, 0]
[0, 0][1, 0][1, 1][1, 2][0, 0]
[0, 0][0, 0][0, 0][0, 0][0, 0]
[0, 0][0, 0][0, 0][0, 0][0, 0]
[0, 0][0, 0][0, 0][0, 0][0, 0]
the fitness function value: 0.342498
the searching time: 00:01:20
______________________________________________________
chromosome #7
[0, 0][0, 0][0, 0][0, 0][0, 0]
[0, 0][0, 0][0, 0][0, 0][0, 0]
[1, 0][0, 0][0, 0][1, 1][1, 2]
[0, 0][1, 0][0, 0][1, 1][1, 2]
[0, 0][0, 0][0, 0][0, 0][0, 0]
[0, 0][0, 0][0, 0][0, 0][0, 0]
[0, 0][0, 0][0, 0][0, 0][0, 0]
[0, 0][0, 0][0, 0][0, 0][0, 0]
[0, 0][1, 1][1, 2][1, 0][0, 0]
[1, 1][0, 0][1, 0][1, 2][0, 0]
the fitness function value: 0.343773
the searching time: 00:02:23
______________________________________________________
chromosome #8
[0, 0][0, 0][0, 0][0, 0][0, 0]
[1, 0][0, 0][0, 0][1, 1][1, 2]
[0, 0][0, 0][0, 0][0, 0][0, 0]
[1, 1][1, 0][0, 0][1, 2][0, 0]
[0, 0][0, 0][0, 0][0, 0][0, 0]
[0, 0][0, 0][0, 0][0, 0][0, 0]
[0, 0][0, 0][0, 0][0, 0][0, 0]
[0, 0][0, 0][0, 0][0, 0][0, 0]
[0, 0][1, 1][1, 0][1, 2][0, 0]
[0, 0][1, 0][1, 1][0, 0][1, 2]
the fitness function value: 0.343773
the searching time: 00:02:23
______________________________________________________
chromosome #9
[0, 0][0, 0][0, 0][0, 0][0, 0]
[0, 0][1, 1][1, 2][0, 0][1, 0]
[0, 0][0, 0][0, 0][0, 0][0, 0]
[0, 0][0, 0][0, 0][0, 0][0, 0]
[0, 0][1, 0][0, 0][1, 1][1, 2]
[0, 0][0, 0][0, 0][0, 0][0, 0]
[0, 0][0, 0][0, 0][0, 0][0, 0]
[1, 0][0, 0][0, 0][1, 1][1, 2]
[1, 1][0, 0][1, 2][0, 0][1, 0]
[0, 0][0, 0][0, 0][0, 0][0, 0]
the fitness function value: 0.343773
the searching time: 00:02:23
______________________________________________________
chromosome #10
[0, 0][0, 0][0, 0][0, 0][0, 0]
[0, 0][0, 0][0, 0][0, 0][0, 0]
[0, 0][0, 0][0, 0][0, 0][0, 0]
[1, 1][1, 2][1, 0][0, 0][0, 0]
[0, 0][1, 0][0, 0][1, 1][1, 2]
[0, 0][1, 2][1, 1][0, 0][1, 0]
[1, 0][1, 2][1, 1][0, 0][0, 0]
[0, 0][0, 0][0, 0][0, 0][0, 0]
[0, 0][0, 0][0, 0][0, 0][0, 0]
[1, 0][0, 0][0, 0][1, 1][1, 2]
the fitness function value: 0.342498
the searching time: 00:02:55
______________________________________________________
chromosome #11
[0, 0][0, 0][0, 0][0, 0][0, 0]
[0, 0][0, 0][0, 0][0, 0][0, 0]
[1, 0][0, 0][0, 0][1, 1][1, 2]
[0, 0][1, 0][0, 0][1, 1][1, 2]
[0, 0][0, 0][0, 0][0, 0][0, 0]
[0, 0][0, 0][0, 0][0, 0][0, 0]
[0, 0][0, 0][0, 0][0, 0][0, 0]
[0, 0][0, 0][0, 0][0, 0][0, 0]
[0, 0][1, 1][1, 2][1, 0][0, 0]
[1, 1][0, 0][1, 0][1, 2][0, 0]
the fitness function value: 0.343773
the searching time: 00:03:27
______________________________________________________
chromosome #12
[1, 2][1, 0][0, 0][0, 0][1, 1]
[0, 0][0, 0][0, 0][0, 0][0, 0]
[0, 0][0, 0][0, 0][0, 0][0, 0]
[1, 0][1, 1][0, 0][1, 2][0, 0]
[1, 2][1, 1][0, 0][0, 0][1, 0]
[0, 0][0, 0][0, 0][0, 0][0, 0]
[0, 0][0, 0][0, 0][0, 0][0, 0]
[0, 0][0, 0][0, 0][0, 0][0, 0]
[0, 0][1, 0][1, 1][1, 2][0, 0]
[1, 1][1, 0][0, 0][1, 2][0, 0]
the fitness function value: 0.342498
the searching time: 00:03:27
______________________________________________________
chromosome #13
[1, 0][0, 0][0, 0][1, 2][1, 1]
[0, 0][1, 0][1, 2][0, 0][1, 1]
[1, 2][0, 0][0, 0][1, 0][1, 1]
[0, 0][0, 0][0, 0][0, 0][0, 0]
[0, 0][1, 0][1, 2][0, 0][1, 1]
[0, 0][1, 0][0, 0][1, 2][1, 1]
[0, 0][0, 0][0, 0][0, 0][0, 0]
[1, 2][0, 0][1, 0][1, 1][0, 0]
[1, 0][1, 1][1, 2][0, 0][0, 0]
[0, 0][0, 0][0, 0][0, 0][0, 0]
the fitness function value: 0.492735
the searching time: 00:03:58
______________________________________________________
chromosome #14
[0, 0][0, 0][0, 0][0, 0][0, 0]
[0, 0][0, 0][0, 0][0, 0][0, 0]
[1, 0][0, 0][0, 0][1, 1][1, 2]
[0, 0][1, 0][0, 0][1, 1][1, 2]
[0, 0][0, 0][0, 0][0, 0][0, 0]
[0, 0][0, 0][0, 0][0, 0][0, 0]
[0, 0][0, 0][0, 0][0, 0][0, 0]
[0, 0][0, 0][0, 0][0, 0][0, 0]
[0, 0][1, 1][1, 2][1, 0][0, 0]
[1, 1][0, 0][1, 0][1, 2][0, 0]
the fitness function value: 0.343773
the searching time: 00:03:58
______________________________________________________
chromosome #15
[0, 0][0, 0][0, 0][0, 0][0, 0]
[0, 0][1, 1][1, 2][0, 0][1, 0]
[0, 0][0, 0][0, 0][0, 0][0, 0]
[0, 0][0, 0][0, 0][0, 0][0, 0]
[0, 0][1, 0][0, 0][1, 1][1, 2]
[0, 0][0, 0][0, 0][0, 0][0, 0]
[0, 0][0, 0][0, 0][0, 0][0, 0]
[1, 0][0, 0][0, 0][1, 1][1, 2]
[1, 1][0, 0][1, 2][0, 0][1, 0]
[0, 0][0, 0][0, 0][0, 0][0, 0]
the fitness function value: 0.343773
the searching time: 00:03:58
______________________________________________________
chromosome #16
[0, 0][0, 0][0, 0][0, 0][0, 0]
[1, 0][0, 0][0, 0][1, 1][1, 2]
[0, 0][0, 0][0, 0][0, 0][0, 0]
[1, 1][1, 0][0, 0][1, 2][0, 0]
[0, 0][0, 0][0, 0][0, 0][0, 0]
[0, 0][0, 0][0, 0][0, 0][0, 0]
[0, 0][0, 0][0, 0][0, 0][0, 0]
[0, 0][0, 0][0, 0][0, 0][0, 0]
[0, 0][1, 1][1, 0][1, 2][0, 0]
[0, 0][1, 0][1, 1][0, 0][1, 2]
the fitness function value: 0.343773
the searching time: 00:04:34
______________________________________________________
chromosome #17
[0, 0][0, 0][0, 0][0, 0][0, 0]
[0, 0][1, 0][0, 0][1, 2][1, 1]
[0, 0][0, 0][0, 0][0, 0][0, 0]
[1, 0][1, 2][0, 0][1, 1][0, 0]
[0, 0][0, 0][0, 0][0, 0][0, 0]
[0, 0][0, 0][0, 0][0, 0][0, 0]
[0, 0][0, 0][0, 0][0, 0][0, 0]
[0, 0][0, 0][0, 0][0, 0][0, 0]
[0, 0][0, 0][0, 0][0, 0][0, 0]
[0, 0][0, 0][1, 1][1, 0][1, 2]
the fitness function value: 0.345914
the searching time: 00:05:10
______________________________________________________
chromosome #18
[0, 0][0, 0][0, 0][0, 0][0, 0]
[0, 0][1, 1][1, 2][0, 0][1, 0]
[0, 0][0, 0][0, 0][0, 0][0, 0]
[0, 0][0, 0][0, 0][0, 0][0, 0]
[0, 0][1, 0][0, 0][1, 1][1, 2]
[0, 0][0, 0][0, 0][0, 0][0, 0]
[0, 0][0, 0][0, 0][0, 0][0, 0]
[1, 0][0, 0][0, 0][1, 1][1, 2]
[1, 1][0, 0][1, 2][0, 0][1, 0]
[0, 0][0, 0][0, 0][0, 0][0, 0]
the fitness function value: 0.343773
the searching time: 00:05:10
______________________________________________________
chromosome #19
[0, 0][0, 0][1, 1][1, 0][1, 2]
[0, 0][1, 0][1, 1][1, 2][0, 0]
[1, 0][1, 2][0, 0][1, 1][0, 0]
[0, 0][0, 0][0, 0][0, 0][0, 0]
[0, 0][0, 0][0, 0][0, 0][0, 0]
[0, 0][0, 0][0, 0][0, 0][0, 0]
[0, 0][0, 0][0, 0][0, 0][0, 0]
[1, 2][1, 0][1, 1][0, 0][0, 0]
[0, 0][0, 0][0, 0][0, 0][0, 0]
[1, 1][1, 0][0, 0][0, 0][1, 2]
the fitness function value: 0.342498
the searching time: 00:05:10
______________________________________________________
chromosome #20
[0, 0][0, 0][0, 0][0, 0][0, 0]
[0, 0][0, 0][0, 0][0, 0][0, 0]
[1, 0][1, 2][0, 0][0, 0][1, 1]
[0, 0][0, 0][0, 0][0, 0][0, 0]
[0, 0][0, 0][0, 0][0, 0][0, 0]
[1, 0][1, 1][0, 0][1, 2][0, 0]
[0, 0][1, 1][0, 0][1, 2][1, 0]
[0, 0][1, 0][1, 1][0, 0][1, 2]
[0, 0][0, 0][0, 0][0, 0][0, 0]
[0, 0][0, 0][0, 0][0, 0][0, 0]
the fitness function value: 0.343773
the searching time: 00:05:42
______________________________________________________
chromosome #21
[1, 1][1, 0][0, 0][1, 2][0, 0]
[0, 0][1, 2][1, 0][1, 1][0, 0]
[1, 2][0, 0][0, 0][1, 0][1, 1]
[1, 1][1, 0][0, 0][0, 0][1, 2]
[0, 0][0, 0][0, 0][0, 0][0, 0]
[1, 2][0, 0][1, 0][1, 1][0, 0]
[0, 0][0, 0][1, 1][1, 2][1, 0]
[0, 0][0, 0][0, 0][0, 0][0, 0]
[0, 0][0, 0][0, 0][0, 0][0, 0]
[0, 0][0, 0][0, 0][0, 0][0, 0]
the fitness function value: 0.34166
the searching time: 00:05:42
______________________________________________________
chromosome #22
[0, 0][0, 0][0, 0][0, 0][0, 0]
[0, 0][0, 0][0, 0][0, 0][0, 0]
[0, 0][0, 0][0, 0][0, 0][0, 0]
[0, 0][0, 0][0, 0][0, 0][0, 0]
[0, 0][1, 0][0, 0][1, 1][1, 2]
[0, 0][0, 0][0, 0][0, 0][0, 0]
[0, 0][0, 0][0, 0][0, 0][0, 0]
[1, 0][0, 0][0, 0][1, 1][1, 2]
[1, 1][0, 0][1, 2][0, 0][1, 0]
[0, 0][0, 0][0, 0][0, 0][0, 0]
the fitness function value: 0.345914
the searching time: 00:06:18
______________________________________________________
chromosome #23
[0, 0][0, 0][0, 0][0, 0][0, 0]
[0, 0][1, 0][0, 0][1, 2][1, 1]
[0, 0][0, 0][0, 0][0, 0][0, 0]
[1, 0][0, 0][0, 0][1, 1][1, 2]
[0, 0][0, 0][0, 0][0, 0][0, 0]
[0, 0][1, 1][1, 2][0, 0][1, 0]
[0, 0][0, 0][0, 0][0, 0][0, 0]
[0, 0][0, 0][0, 0][0, 0][0, 0]
[0, 0][0, 0][0, 0][0, 0][0, 0]
[0, 0][0, 0][0, 0][0, 0][0, 0]
the fitness function value: 0.345914
the searching time: 00:06:18
______________________________________________________
chromosome #24
[0, 0][0, 0][0, 0][0, 0][0, 0]
[1, 0][0, 0][0, 0][1, 1][1, 2]
[0, 0][0, 0][0, 0][0, 0][0, 0]
[1, 1][1, 0][0, 0][1, 2][0, 0]
[0, 0][0, 0][0, 0][0, 0][0, 0]
[0, 0][0, 0][0, 0][0, 0][0, 0]
[0, 0][0, 0][0, 0][0, 0][0, 0]
[0, 0][0, 0][0, 0][0, 0][0, 0]
[0, 0][1, 1][1, 0][1, 2][0, 0]
[0, 0][1, 0][1, 1][0, 0][1, 2]
the fitness function value: 0.343773
the searching time: 00:06:18
______________________________________________________
chromosome #25
[0, 0][1, 2][0, 0][1, 1][1, 0]
[1, 1][1, 2][0, 0][0, 0][1, 0]
[0, 0][0, 0][0, 0][0, 0][0, 0]
[0, 0][0, 0][0, 0][0, 0][0, 0]
[0, 0][1, 0][0, 0][1, 1][1, 2]
[0, 0][0, 0][0, 0][0, 0][0, 0]
[0, 0][0, 0][0, 0][0, 0][0, 0]
[1, 0][0, 0][0, 0][1, 1][1, 2]
[1, 1][0, 0][1, 2][0, 0][1, 0]
[0, 0][0, 0][0, 0][0, 0][0, 0]
the fitness function value: 0.342498
the searching time: 00:06:18
______________________________________________________
chromosome #26
[0, 0][0, 0][1, 1][1, 0][1, 2]
[1, 1][1, 0][0, 0][0, 0][1, 2]
[0, 0][1, 0][1, 1][1, 2][0, 0]
[0, 0][0, 0][0, 0][0, 0][0, 0]
[0, 0][0, 0][0, 0][0, 0][0, 0]
[1, 2][1, 0][0, 0][0, 0][1, 1]
[1, 0][1, 2][0, 0][1, 1][0, 0]
[0, 0][0, 0][0, 0][0, 0][0, 0]
[0, 0][0, 0][0, 0][0, 0][0, 0]
[1, 2][1, 0][0, 0][0, 0][1, 1]
the fitness function value: 0.34166
the searching time: 00:06:18
______________________________________________________
chromosome #27
[1, 1][1, 0][0, 0][1, 2][0, 0]
[0, 0][1, 2][1, 0][1, 1][0, 0]
[1, 2][0, 0][0, 0][1, 0][1, 1]
[1, 1][1, 0][0, 0][0, 0][1, 2]
[0, 0][0, 0][0, 0][0, 0][0, 0]
[1, 2][0, 0][1, 0][1, 1][0, 0]
[0, 0][0, 0][1, 1][1, 2][1, 0]
[0, 0][0, 0][0, 0][0, 0][0, 0]
[0, 0][0, 0][0, 0][0, 0][0, 0]
[0, 0][0, 0][0, 0][0, 0][0, 0]
the fitness function value: 0.34166
the searching time: 00:06:18
______________________________________________________
chromosome #28
[0, 0][0, 0][0, 0][0, 0][0, 0]
[0, 0][0, 0][0, 0][0, 0][0, 0]
[1, 0][0, 0][0, 0][1, 1][1, 2]
[0, 0][1, 0][0, 0][1, 1][1, 2]
[0, 0][0, 0][0, 0][0, 0][0, 0]
[0, 0][0, 0][0, 0][0, 0][0, 0]
[0, 0][0, 0][0, 0][0, 0][0, 0]
[0, 0][0, 0][0, 0][0, 0][0, 0]
[0, 0][1, 1][1, 2][1, 0][0, 0]
[1, 1][0, 0][1, 0][1, 2][0, 0]
the fitness function value: 0.343773
the searching time: 00:06:53
______________________________________________________
chromosome #29
[0, 0][0, 0][1, 2][1, 0][1, 1]
[0, 0][0, 0][0, 0][0, 0][0, 0]
[1, 0][0, 0][1, 2][1, 1][0, 0]
[0, 0][1, 0][1, 1][1, 2][0, 0]
[0, 0][0, 0][0, 0][0, 0][0, 0]
[0, 0][0, 0][0, 0][0, 0][0, 0]
[0, 0][0, 0][0, 0][0, 0][0, 0]
[0, 0][0, 0][0, 0][0, 0][0, 0]
[1, 2][0, 0][1, 0][0, 0][1, 1]
[0, 0][0, 0][1, 0][1, 1][1, 2]
the fitness function value: 0.342498
the searching time: 00:06:53
______________________________________________________
chromosome #30
[1, 0][0, 0][1, 1][1, 2][0, 0]
[0, 0][0, 0][0, 0][0, 0][0, 0]
[0, 0][0, 0][0, 0][0, 0][0, 0]
[0, 0][1, 1][1, 0][1, 2][0, 0]
[1, 0][1, 2][0, 0][0, 0][1, 1]
[0, 0][0, 0][0, 0][0, 0][0, 0]
[1, 1][1, 2][0, 0][1, 0][0, 0]
[0, 0][0, 0][0, 0][0, 0][0, 0]
[0, 0][1, 1][1, 0][1, 2][0, 0]
[0, 0][1, 0][1, 1][0, 0][1, 2]
the fitness function value: 0.34166
the searching time: 00:06:53
______________________________________________________
chromosome #31
[0, 0][1, 0][0, 0][1, 1][1, 2]
[0, 0][0, 0][0, 0][0, 0][0, 0]
[0, 0][0, 0][0, 0][0, 0][0, 0]
[0, 0][0, 0][0, 0][0, 0][0, 0]
[1, 0][0, 0][0, 0][1, 1][1, 2]
[0, 0][0, 0][0, 0][0, 0][0, 0]
[0, 0][0, 0][0, 0][0, 0][0, 0]
[0, 0][0, 0][0, 0][0, 0][0, 0]
[0, 0][0, 0][0, 0][0, 0][0, 0]
[0, 0][1, 1][1, 2][1, 0][0, 0]
the fitness function value: 0.345914
the searching time: 00:07:28
______________________________________________________
chromosome #32
[1, 0][0, 0][0, 0][1, 1][1, 2]
[0, 0][0, 0][0, 0][0, 0][0, 0]
[1, 2][1, 0][0, 0][1, 1][0, 0]
[1, 0][1, 1][0, 0][0, 0][1, 2]
[0, 0][0, 0][0, 0][0, 0][0, 0]
[0, 0][0, 0][0, 0][0, 0][0, 0]
[1, 0][1, 1][1, 2][0, 0][0, 0]
[0, 0][0, 0][0, 0][0, 0][0, 0]
[0, 0][0, 0][0, 0][0, 0][0, 0]
[0, 0][0, 0][0, 0][0, 0][0, 0]
the fitness function value: 0.343773
the searching time: 00:07:28
______________________________________________________
chromosome #33
[0, 0][0, 0][0, 0][0, 0][0, 0]
[1, 0][0, 0][0, 0][1, 1][1, 2]
[0, 0][0, 0][0, 0][0, 0][0, 0]
[1, 1][1, 0][0, 0][1, 2][0, 0]
[0, 0][0, 0][0, 0][0, 0][0, 0]
[0, 0][0, 0][0, 0][0, 0][0, 0]
[0, 0][0, 0][0, 0][0, 0][0, 0]
[0, 0][1, 0][1, 1][1, 2][0, 0]
[0, 0][0, 0][0, 0][0, 0][0, 0]
[0, 0][0, 0][1, 0][1, 1][1, 2]
the fitness function value: 0.343773
the searching time: 00:07:28
______________________________________________________
chromosome #34
[0, 0][0, 0][0, 0][0, 0][0, 0]
[0, 0][0, 0][0, 0][0, 0][0, 0]
[1, 0][0, 0][0, 0][1, 1][1, 2]
[0, 0][1, 0][0, 0][1, 1][1, 2]
[0, 0][0, 0][0, 0][0, 0][0, 0]
[0, 0][0, 0][0, 0][0, 0][0, 0]
[0, 0][0, 0][0, 0][0, 0][0, 0]
[0, 0][0, 0][0, 0][0, 0][0, 0]
[0, 0][1, 1][1, 2][1, 0][0, 0]
[1, 1][0, 0][1, 0][1, 2][0, 0]
the fitness function value: 0.343773
the searching time: 00:07:28
______________________________________________________
chromosome #35
[0, 0][0, 0][0, 0][0, 0][0, 0]
[0, 0][1, 1][1, 2][0, 0][1, 0]
[0, 0][0, 0][0, 0][0, 0][0, 0]
[0, 0][0, 0][0, 0][0, 0][0, 0]
[0, 0][1, 0][0, 0][1, 1][1, 2]
[0, 0][0, 0][0, 0][0, 0][0, 0]
[0, 0][0, 0][0, 0][0, 0][0, 0]
[1, 0][0, 0][0, 0][1, 1][1, 2]
[1, 1][0, 0][1, 2][0, 0][1, 0]
[0, 0][0, 0][0, 0][0, 0][0, 0]
the fitness function value: 0.343773
the searching time: 00:07:28
______________________________________________________
chromosome #36
[0, 0][1, 2][1, 1][1, 0][0, 0]
[0, 0][0, 0][0, 0][0, 0][0, 0]
[0, 0][0, 0][1, 0][1, 1][1, 2]
[0, 0][0, 0][0, 0][0, 0][0, 0]
[0, 0][0, 0][0, 0][0, 0][0, 0]
[1, 0][0, 0][1, 2][1, 1][0, 0]
[1, 1][0, 0][1, 2][0, 0][1, 0]
[1, 0][1, 1][1, 2][0, 0][0, 0]
[0, 0][0, 0][0, 0][0, 0][0, 0]
[0, 0][0, 0][0, 0][0, 0][0, 0]
the fitness function value: 0.342498
the searching time: 00:07:28
______________________________________________________
chromosome #37
[0, 0][0, 0][0, 0][0, 0][0, 0]
[1, 1][1, 0][0, 0][1, 2][0, 0]
[1, 2][1, 0][0, 0][0, 0][1, 1]
[0, 0][0, 0][0, 0][0, 0][0, 0]
[1, 2][0, 0][0, 0][1, 0][1, 1]
[0, 0][0, 0][0, 0][0, 0][0, 0]
[1, 1][0, 0][0, 0][1, 2][1, 0]
[0, 0][0, 0][0, 0][0, 0][0, 0]
[0, 0][1, 2][1, 1][0, 0][1, 0]
[0, 0][0, 0][0, 0][0, 0][0, 0]
the fitness function value: 0.342498
the searching time: 00:07:28
______________________________________________________
chromosome #38
[1, 1][0, 0][1, 2][1, 0][0, 0]
[0, 0][0, 0][1, 0][1, 1][1, 2]
[0, 0][1, 0][1, 1][1, 2][0, 0]
[0, 0][0, 0][0, 0][0, 0][0, 0]
[1, 2][0, 0][0, 0][1, 0][1, 1]
[0, 0][0, 0][1, 0][1, 1][1, 2]
[0, 0][0, 0][0, 0][0, 0][0, 0]
[0, 0][0, 0][0, 0][0, 0][0, 0]
[0, 0][0, 0][0, 0][0, 0][0, 0]
[1, 1][1, 2][0, 0][0, 0][1, 0]
the fitness function value: 0.34166
the searching time: 00:07:28
______________________________________________________
chromosome #39
[1, 0][0, 0][0, 0][1, 2][1, 1]
[0, 0][0, 0][0, 0][0, 0][0, 0]
[1, 1][1, 0][0, 0][1, 2][0, 0]
[1, 0][1, 1][1, 2][0, 0][0, 0]
[0, 0][0, 0][0, 0][0, 0][0, 0]
[0, 0][0, 0][1, 0][1, 2][1, 1]
[1, 1][0, 0][1, 2][0, 0][1, 0]
[0, 0][0, 0][0, 0][0, 0][0, 0]
[0, 0][1, 1][0, 0][1, 0][1, 2]
[0, 0][0, 0][0, 0][0, 0][0, 0]
the fitness function value: 0.34166
the searching time: 00:07:28
______________________________________________________
chromosome #40
[1, 2][1, 0][1, 1][0, 0][0, 0]
[0, 0][0, 0][1, 0][1, 1][1, 2]
[0, 0][0, 0][0, 0][0, 0][0, 0]
[1, 2][0, 0][1, 1][1, 0][0, 0]
[1, 1][1, 0][0, 0][1, 2][0, 0]
[1, 0][1, 1][1, 2][0, 0][0, 0]
[0, 0][0, 0][0, 0][0, 0][0, 0]
[1, 1][0, 0][1, 2][0, 0][1, 0]
[1, 2][1, 0][0, 0][1, 1][0, 0]
[0, 0][0, 0][0, 0][0, 0][0, 0]
the fitness function value: 0.492735
the searching time: 00:08:03
______________________________________________________
chromosome #41
[1, 0][1, 1][0, 0][0, 0][1, 2]
[0, 0][0, 0][0, 0][0, 0][0, 0]
[0, 0][1, 1][0, 0][1, 2][1, 0]
[1, 1][1, 0][0, 0][1, 2][0, 0]
[0, 0][0, 0][0, 0][0, 0][0, 0]
[0, 0][0, 0][0, 0][0, 0][0, 0]
[1, 0][1, 1][1, 2][0, 0][0, 0]
[0, 0][0, 0][0, 0][0, 0][0, 0]
[0, 0][0, 0][0, 0][0, 0][0, 0]
[0, 0][0, 0][0, 0][0, 0][0, 0]
the fitness function value: 0.343773
the searching time: 00:08:03
______________________________________________________
chromosome #42
[1, 1][1, 2][0, 0][0, 0][1, 0]
[0, 0][1, 2][0, 0][1, 1][1, 0]
[0, 0][0, 0][0, 0][0, 0][0, 0]
[0, 0][0, 0][0, 0][0, 0][0, 0]
[0, 0][0, 0][0, 0][0, 0][0, 0]
[0, 0][1, 0][0, 0][1, 1][1, 2]
[0, 0][0, 0][0, 0][0, 0][0, 0]
[1, 0][1, 2][0, 0][1, 1][0, 0]
[0, 0][0, 0][0, 0][0, 0][0, 0]
[0, 0][0, 0][1, 1][1, 0][1, 2]
the fitness function value: 0.342498
the searching time: 00:08:03
______________________________________________________
chromosome #43
[0, 0][0, 0][0, 0][0, 0][0, 0]
[0, 0][1, 1][1, 2][0, 0][1, 0]
[0, 0][0, 0][0, 0][0, 0][0, 0]
[0, 0][0, 0][0, 0][0, 0][0, 0]
[0, 0][1, 0][0, 0][1, 1][1, 2]
[0, 0][0, 0][0, 0][0, 0][0, 0]
[0, 0][0, 0][0, 0][0, 0][0, 0]
[1, 0][0, 0][0, 0][1, 1][1, 2]
[1, 1][0, 0][1, 2][0, 0][1, 0]
[1, 2][1, 1][0, 0][1, 0][0, 0]
the fitness function value: 0.342498
the searching time: 00:08:03
______________________________________________________
chromosome #44
[0, 0][0, 0][0, 0][0, 0][0, 0]
[0, 0][0, 0][0, 0][0, 0][0, 0]
[1, 0][0, 0][0, 0][1, 1][1, 2]
[0, 0][1, 0][0, 0][1, 1][1, 2]
[0, 0][0, 0][0, 0][0, 0][0, 0]
[0, 0][0, 0][0, 0][0, 0][0, 0]
[0, 0][0, 0][0, 0][0, 0][0, 0]
[0, 0][0, 0][0, 0][0, 0][0, 0]
[0, 0][1, 1][1, 2][1, 0][0, 0]
[1, 1][0, 0][1, 0][1, 2][0, 0]
the fitness function value: 0.343773
the searching time: 00:08:39
______________________________________________________
chromosome #45
[1, 2][0, 0][0, 0][1, 0][1, 1]
[0, 0][0, 0][0, 0][0, 0][0, 0]
[1, 1][1, 2][0, 0][0, 0][1, 0]
[0, 0][0, 0][0, 0][0, 0][0, 0]
[0, 0][0, 0][0, 0][0, 0][0, 0]
[0, 0][0, 0][0, 0][0, 0][0, 0]
[1, 0][1, 1][0, 0][1, 2][0, 0]
[0, 0][1, 0][0, 0][1, 1][1, 2]
[0, 0][1, 1][1, 2][0, 0][1, 0]
[0, 0][0, 0][0, 0][0, 0][0, 0]
the fitness function value: 0.342498
the searching time: 00:08:39
______________________________________________________
chromosome #46
[1, 1][1, 0][0, 0][1, 2][0, 0]
[0, 0][1, 2][1, 0][1, 1][0, 0]
[1, 2][0, 0][0, 0][1, 0][1, 1]
[1, 1][1, 0][0, 0][0, 0][1, 2]
[0, 0][0, 0][0, 0][0, 0][0, 0]
[1, 2][0, 0][1, 0][1, 1][0, 0]
[0, 0][0, 0][1, 1][1, 2][1, 0]
[0, 0][0, 0][0, 0][0, 0][0, 0]
[0, 0][0, 0][0, 0][0, 0][0, 0]
[0, 0][0, 0][0, 0][0, 0][0, 0]
the fitness function value: 0.34166
the searching time: 00:08:39
______________________________________________________
chromosome #47
[0, 0][1, 1][1, 2][1, 0][0, 0]
[0, 0][0, 0][0, 0][0, 0][0, 0]
[0, 0][0, 0][0, 0][0, 0][0, 0]
[1, 0][0, 0][0, 0][1, 1][1, 2]
[0, 0][0, 0][0, 0][0, 0][0, 0]
[0, 0][0, 0][0, 0][0, 0][0, 0]
[0, 0][0, 0][1, 0][1, 2][1, 1]
[0, 0][1, 1][1, 2][0, 0][1, 0]
[0, 0][0, 0][0, 0][0, 0][0, 0]
[0, 0][0, 0][0, 0][0, 0][0, 0]
the fitness function value: 0.343773
the searching time: 00:09:17
______________________________________________________
chromosome #48
[0, 0][1, 0][0, 0][1, 1][1, 2]
[0, 0][0, 0][0, 0][0, 0][0, 0]
[0, 0][0, 0][0, 0][0, 0][0, 0]
[1, 0][1, 2][0, 0][1, 1][0, 0]
[0, 0][0, 0][0, 0][0, 0][0, 0]
[0, 0][0, 0][0, 0][0, 0][0, 0]
[1, 1][0, 0][1, 2][1, 0][0, 0]
[0, 0][0, 0][0, 0][0, 0][0, 0]
[1, 2][0, 0][0, 0][1, 0][1, 1]
[0, 0][0, 0][0, 0][0, 0][0, 0]
the fitness function value: 0.343773
the searching time: 00:09:55
______________________________________________________
chromosome #49
[0, 0][0, 0][0, 0][0, 0][0, 0]
[1, 0][0, 0][0, 0][1, 1][1, 2]
[0, 0][0, 0][0, 0][0, 0][0, 0]
[1, 1][1, 0][0, 0][1, 2][0, 0]
[0, 0][0, 0][0, 0][0, 0][0, 0]
[0, 0][0, 0][0, 0][0, 0][0, 0]
[0, 0][0, 0][0, 0][0, 0][0, 0]
[0, 0][0, 0][0, 0][0, 0][0, 0]
[0, 0][1, 1][1, 0][1, 2][0, 0]
[0, 0][1, 0][1, 1][0, 0][1, 2]
the fitness function value: 0.343773
the searching time: 00:09:55
______________________________________________________
chromosome #50
[0, 0][0, 0][0, 0][0, 0][0, 0]
[0, 0][0, 0][0, 0][0, 0][0, 0]
[1, 1][1, 2][1, 0][0, 0][0, 0]
[1, 0][0, 0][0, 0][1, 1][1, 2]
[0, 0][0, 0][0, 0][0, 0][0, 0]
[0, 0][0, 0][0, 0][0, 0][0, 0]
[0, 0][1, 0][0, 0][1, 1][1, 2]
[1, 2][0, 0][1, 1][0, 0][1, 0]
[0, 0][1, 2][1, 0][1, 1][0, 0]
[1, 0][0, 0][1, 1][1, 2][0, 0]
the fitness function value: 0.34166
the searching time: 00:09:55
______________________________________________________
chromosome #51
[0, 0][0, 0][0, 0][0, 0][0, 0]
[0, 0][0, 0][0, 0][0, 0][0, 0]
[1, 0][0, 0][0, 0][1, 1][1, 2]
[0, 0][1, 0][0, 0][1, 1][1, 2]
[0, 0][0, 0][0, 0][0, 0][0, 0]
[0, 0][0, 0][0, 0][0, 0][0, 0]
[0, 0][0, 0][0, 0][0, 0][0, 0]
[0, 0][0, 0][0, 0][0, 0][0, 0]
[0, 0][1, 1][1, 2][1, 0][0, 0]
[1, 1][0, 0][1, 0][1, 2][0, 0]
the fitness function value: 0.343773
the searching time: 00:10:34
______________________________________________________
chromosome #52
[0, 0][0, 0][0, 0][0, 0][0, 0]
[1, 0][0, 0][0, 0][1, 1][1, 2]
[0, 0][0, 0][0, 0][0, 0][0, 0]
[1, 1][1, 0][0, 0][1, 2][0, 0]
[0, 0][0, 0][0, 0][0, 0][0, 0]
[0, 0][0, 0][0, 0][0, 0][0, 0]
[0, 0][0, 0][0, 0][0, 0][0, 0]
[0, 0][0, 0][0, 0][0, 0][0, 0]
[0, 0][1, 1][1, 0][1, 2][0, 0]
[0, 0][1, 0][1, 1][0, 0][1, 2]
the fitness function value: 0.343773
the searching time: 00:10:34
______________________________________________________
chromosome #53
[0, 0][0, 0][0, 0][0, 0][0, 0]
[1, 0][0, 0][0, 0][1, 1][1, 2]
[0, 0][0, 0][0, 0][0, 0][0, 0]
[1, 1][1, 0][0, 0][1, 2][0, 0]
[0, 0][0, 0][0, 0][0, 0][0, 0]
[1, 0][0, 0][0, 0][1, 1][1, 2]
[1, 0][1, 1][1, 2][0, 0][0, 0]
[1, 0][0, 0][0, 0][1, 1][1, 2]
[0, 0][0, 0][0, 0][0, 0][0, 0]
[0, 0][0, 0][1, 0][1, 1][1, 2]
the fitness function value: 0.34166
the searching time: 00:10:34
______________________________________________________
chromosome #54
[0, 0][0, 0][0, 0][0, 0][0, 0]
[1, 0][0, 0][0, 0][1, 1][1, 2]
[0, 0][0, 0][0, 0][0, 0][0, 0]
[1, 1][1, 0][0, 0][1, 2][0, 0]
[0, 0][0, 0][0, 0][0, 0][0, 0]
[0, 0][0, 0][0, 0][0, 0][0, 0]
[0, 0][0, 0][0, 0][0, 0][0, 0]
[1, 0][1, 1][1, 2][0, 0][0, 0]
[0, 0][0, 0][0, 0][0, 0][0, 0]
[0, 0][0, 0][0, 0][0, 0][0, 0]
the fitness function value: 0.345914
the searching time: 00:11:11
______________________________________________________
chromosome #55
[0, 0][0, 0][0, 0][0, 0][0, 0]
[0, 0][0, 0][0, 0][0, 0][0, 0]
[1, 2][0, 0][0, 0][1, 0][1, 1]
[1, 1][1, 0][0, 0][0, 0][1, 2]
[0, 0][1, 0][0, 0][1, 1][1, 2]
[0, 0][0, 0][0, 0][0, 0][0, 0]
[0, 0][0, 0][0, 0][0, 0][0, 0]
[1, 0][0, 0][0, 0][1, 1][1, 2]
[1, 1][0, 0][1, 2][0, 0][1, 0]
[0, 0][0, 0][0, 0][0, 0][0, 0]
the fitness function value: 0.342498
the searching time: 00:11:53
______________________________________________________
chromosome #56
[0, 0][0, 0][0, 0][0, 0][0, 0]
[0, 0][0, 0][0, 0][0, 0][0, 0]
[1, 1][0, 0][0, 0][1, 0][1, 2]
[0, 0][0, 0][0, 0][0, 0][0, 0]
[1, 1][1, 2][0, 0][0, 0][1, 0]
[0, 0][1, 1][0, 0][1, 0][1, 2]
[1, 2][0, 0][0, 0][1, 1][1, 0]
[0, 0][0, 0][0, 0][0, 0][0, 0]
[1, 0][1, 2][0, 0][0, 0][1, 1]
[1, 1][1, 0][1, 2][0, 0][0, 0]
the fitness function value: 0.34166
the searching time: 00:11:53
______________________________________________________
chromosome #57
[0, 0][0, 0][0, 0][0, 0][0, 0]
[0, 0][0, 0][1, 0][1, 1][1, 2]
[0, 0][0, 0][0, 0][0, 0][0, 0]
[0, 0][0, 0][0, 0][0, 0][0, 0]
[0, 0][1, 0][0, 0][1, 1][1, 2]
[0, 0][0, 0][0, 0][0, 0][0, 0]
[1, 1][1, 2][0, 0][1, 0][0, 0]
[1, 0][1, 2][1, 1][0, 0][0, 0]
[1, 0][0, 0][1, 2][1, 1][0, 0]
[0, 0][1, 0][1, 1][1, 2][0, 0]
the fitness function value: 0.34166
the searching time: 00:11:53
______________________________________________________
chromosome #58
[0, 0][0, 0][0, 0][0, 0][0, 0]
[0, 0][0, 0][0, 0][0, 0][0, 0]
[1, 0][0, 0][0, 0][1, 1][1, 2]
[0, 0][1, 0][0, 0][1, 1][1, 2]
[0, 0][0, 0][0, 0][0, 0][0, 0]
[0, 0][0, 0][1, 0][1, 1][1, 2]
[0, 0][0, 0][1, 0][1, 2][1, 1]
[0, 0][0, 0][0, 0][0, 0][0, 0]
[0, 0][1, 1][1, 2][1, 0][0, 0]
[1, 1][0, 0][1, 0][1, 2][0, 0]
the fitness function value: 0.34166
the searching time: 00:11:53
______________________________________________________
chromosome #59
[0, 0][0, 0][0, 0][0, 0][0, 0]
[0, 0][0, 0][0, 0][0, 0][0, 0]
[1, 2][1, 0][0, 0][0, 0][1, 1]
[0, 0][1, 0][0, 0][1, 1][1, 2]
[1, 2][1, 1][0, 0][1, 0][0, 0]
[0, 0][0, 0][0, 0][0, 0][0, 0]
[1, 1][0, 0][1, 0][0, 0][1, 2]
[0, 0][0, 0][0, 0][0, 0][0, 0]
[1, 2][1, 0][1, 1][0, 0][0, 0]
[0, 0][0, 0][1, 1][1, 0][1, 2]
the fitness function value: 0.493326
the searching time: 00:12:30
______________________________________________________
chromosome #60
[0, 0][0, 0][0, 0][0, 0][0, 0]
[0, 0][0, 0][0, 0][0, 0][0, 0]
[0, 0][0, 0][0, 0][0, 0][0, 0]
[0, 0][0, 0][0, 0][0, 0][0, 0]
[0, 0][1, 0][0, 0][1, 1][1, 2]
[0, 0][0, 0][0, 0][0, 0][0, 0]
[0, 0][0, 0][0, 0][0, 0][0, 0]
[1, 0][0, 0][0, 0][1, 1][1, 2]
[1, 1][0, 0][1, 2][0, 0][1, 0]
[0, 0][0, 0][0, 0][0, 0][0, 0]
the fitness function value: 0.345914
the searching time: 00:12:30
______________________________________________________
chromosome #61
[0, 0][0, 0][0, 0][0, 0][0, 0]
[0, 0][0, 0][0, 0][0, 0][0, 0]
[1, 0][0, 0][0, 0][1, 1][1, 2]
[0, 0][1, 0][0, 0][1, 1][1, 2]
[0, 0][0, 0][0, 0][0, 0][0, 0]
[0, 0][0, 0][0, 0][0, 0][0, 0]
[0, 0][0, 0][0, 0][0, 0][0, 0]
[0, 0][0, 0][0, 0][0, 0][0, 0]
[0, 0][1, 1][1, 2][1, 0][0, 0]
[1, 1][0, 0][1, 0][1, 2][0, 0]
the fitness function value: 0.343773
the searching time: 00:12:30
______________________________________________________
chromosome #62
[0, 0][0, 0][0, 0][0, 0][0, 0]
[0, 0][0, 0][0, 0][0, 0][0, 0]
[1, 2][1, 1][1, 0][0, 0][0, 0]
[0, 0][1, 0][1, 1][0, 0][1, 2]
[0, 0][1, 0][1, 1][1, 2][0, 0]
[0, 0][0, 0][0, 0][0, 0][0, 0]
[0, 0][0, 0][0, 0][0, 0][0, 0]
[1, 0][0, 0][1, 1][0, 0][1, 2]
[0, 0][0, 0][0, 0][0, 0][0, 0]
[1, 0][1, 2][0, 0][1, 1][0, 0]
the fitness function value: 0.342498
the searching time: 00:12:30
______________________________________________________
chromosome #63
[0, 0][0, 0][0, 0][0, 0][0, 0]
[0, 0][0, 0][0, 0][0, 0][0, 0]
[0, 0][0, 0][0, 0][0, 0][0, 0]
[1, 1][1, 0][0, 0][1, 2][0, 0]
[0, 0][0, 0][0, 0][0, 0][0, 0]
[0, 0][1, 2][0, 0][1, 0][1, 1]
[0, 0][0, 0][0, 0][0, 0][0, 0]
[0, 0][1, 1][1, 2][0, 0][1, 0]
[1, 0][1, 2][1, 1][0, 0][0, 0]
[1, 1][1, 2][0, 0][0, 0][1, 0]
the fitness function value: 0.342498
the searching time: 00:12:30
______________________________________________________
chromosome #64
[0, 0][0, 0][0, 0][0, 0][0, 0]
[0, 0][0, 0][0, 0][0, 0][0, 0]
[1, 0][0, 0][0, 0][1, 1][1, 2]
[0, 0][1, 0][0, 0][1, 1][1, 2]
[0, 0][0, 0][0, 0][0, 0][0, 0]
[0, 0][0, 0][0, 0][0, 0][0, 0]
[0, 0][0, 0][0, 0][0, 0][0, 0]
[0, 0][0, 0][0, 0][0, 0][0, 0]
[0, 0][1, 1][1, 2][1, 0][0, 0]
[1, 1][0, 0][1, 0][1, 2][0, 0]
the fitness function value: 0.343773
the searching time: 00:13:10
______________________________________________________
chromosome #65
[0, 0][0, 0][0, 0][0, 0][0, 0]
[0, 0][1, 1][1, 2][0, 0][1, 0]
[0, 0][0, 0][0, 0][0, 0][0, 0]
[0, 0][0, 0][0, 0][0, 0][0, 0]
[0, 0][1, 0][0, 0][1, 1][1, 2]
[0, 0][0, 0][0, 0][0, 0][0, 0]
[0, 0][0, 0][0, 0][0, 0][0, 0]
[1, 0][0, 0][0, 0][1, 1][1, 2]
[1, 1][0, 0][1, 2][0, 0][1, 0]
[0, 0][0, 0][0, 0][0, 0][0, 0]
the fitness function value: 0.343773
the searching time: 00:13:10
______________________________________________________
chromosome #66
[0, 0][1, 0][0, 0][1, 1][1, 2]
[1, 2][0, 0][0, 0][1, 1][1, 0]
[0, 0][0, 0][0, 0][0, 0][0, 0]
[1, 2][1, 1][0, 0][1, 0][0, 0]
[1, 1][1, 0][1, 2][0, 0][0, 0]
[0, 0][1, 1][0, 0][1, 0][1, 2]
[0, 0][0, 0][0, 0][0, 0][0, 0]
[0, 0][0, 0][0, 0][0, 0][0, 0]
[0, 0][0, 0][0, 0][0, 0][0, 0]
[0, 0][0, 0][0, 0][0, 0][0, 0]
the fitness function value: 0.342498
the searching time: 00:13:10
______________________________________________________
chromosome #67
[0, 0][0, 0][1, 0][1, 1][1, 2]
[0, 0][0, 0][0, 0][0, 0][0, 0]
[1, 1][1, 2][0, 0][0, 0][1, 0]
[1, 0][0, 0][1, 1][1, 2][0, 0]
[0, 0][0, 0][0, 0][0, 0][0, 0]
[1, 1][1, 0][1, 2][0, 0][0, 0]
[0, 0][0, 0][0, 0][0, 0][0, 0]
[0, 0][1, 0][1, 1][1, 2][0, 0]
[1, 2][0, 0][1, 0][0, 0][1, 1]
[0, 0][0, 0][0, 0][0, 0][0, 0]
the fitness function value: 0.34166
the searching time: 00:13:10
______________________________________________________
chromosome #68
[0, 0][1, 1][1, 2][1, 0][0, 0]
[0, 0][0, 0][0, 0][0, 0][0, 0]
[0, 0][0, 0][0, 0][0, 0][0, 0]
[0, 0][0, 0][0, 0][0, 0][0, 0]
[0, 0][0, 0][0, 0][0, 0][0, 0]
[0, 0][0, 0][0, 0][0, 0][0, 0]
[0, 0][0, 0][0, 0][0, 0][0, 0]
[1, 0][0, 0][0, 0][1, 2][1, 1]
[0, 0][0, 0][1, 0][1, 2][1, 1]
[1, 2][1, 1][0, 0][1, 0][0, 0]
the fitness function value: 0.343773
the searching time: 00:13:48
______________________________________________________
chromosome #69
[0, 0][0, 0][0, 0][0, 0][0, 0]
[0, 0][1, 1][1, 2][0, 0][1, 0]
[0, 0][0, 0][0, 0][0, 0][0, 0]
[0, 0][0, 0][0, 0][0, 0][0, 0]
[0, 0][1, 0][0, 0][1, 1][1, 2]
[0, 0][0, 0][0, 0][0, 0][0, 0]
[0, 0][0, 0][0, 0][0, 0][0, 0]
[1, 0][0, 0][0, 0][1, 1][1, 2]
[1, 1][0, 0][1, 2][0, 0][1, 0]
[0, 0][0, 0][0, 0][0, 0][0, 0]
the fitness function value: 0.343773
the searching time: 00:13:48
______________________________________________________
chromosome #70
[1, 1][1, 2][1, 0][0, 0][0, 0]
[1, 0][0, 0][0, 0][1, 1][1, 2]
[0, 0][1, 0][0, 0][1, 1][1, 2]
[0, 0][0, 0][0, 0][0, 0][0, 0]
[0, 0][0, 0][0, 0][0, 0][0, 0]
[0, 0][0, 0][0, 0][0, 0][0, 0]
[0, 0][0, 0][0, 0][0, 0][0, 0]
[0, 0][0, 0][0, 0][0, 0][0, 0]
[1, 2][1, 0][0, 0][0, 0][1, 1]
[1, 0][0, 0][1, 2][0, 0][1, 1]
the fitness function value: 0.342498
the searching time: 00:13:48
______________________________________________________
chromosome #71
[0, 0][0, 0][0, 0][0, 0][0, 0]
[1, 0][0, 0][0, 0][1, 1][1, 2]
[0, 0][0, 0][0, 0][0, 0][0, 0]
[1, 1][1, 0][0, 0][1, 2][0, 0]
[0, 0][0, 0][0, 0][0, 0][0, 0]
[0, 0][0, 0][0, 0][0, 0][0, 0]
[0, 0][0, 0][0, 0][0, 0][0, 0]
[0, 0][1, 2][0, 0][1, 0][1, 1]
[0, 0][1, 1][1, 0][1, 2][0, 0]
[0, 0][1, 0][1, 1][0, 0][1, 2]
the fitness function value: 0.342498
the searching time: 00:13:48
______________________________________________________
chromosome #72
[0, 0][0, 0][0, 0][0, 0][0, 0]
[0, 0][0, 0][0, 0][0, 0][0, 0]
[0, 0][0, 0][0, 0][0, 0][0, 0]
[0, 0][0, 0][0, 0][0, 0][0, 0]
[0, 0][0, 0][0, 0][0, 0][0, 0]
[0, 0][1, 0][0, 0][1, 2][1, 1]
[0, 0][0, 0][0, 0][0, 0][0, 0]
[1, 0][1, 2][0, 0][1, 1][0, 0]
[0, 0][0, 0][0, 0][0, 0][0, 0]
[0, 0][0, 0][1, 1][1, 0][1, 2]
the fitness function value: 0.345914
the searching time: 00:14:24
______________________________________________________
chromosome #73
[0, 0][0, 0][0, 0][0, 0][0, 0]
[0, 0][0, 0][0, 0][0, 0][0, 0]
[1, 0][0, 0][0, 0][1, 1][1, 2]
[0, 0][1, 0][0, 0][1, 1][1, 2]
[0, 0][0, 0][0, 0][0, 0][0, 0]
[0, 0][0, 0][0, 0][0, 0][0, 0]
[0, 0][0, 0][0, 0][0, 0][0, 0]
[0, 0][0, 0][0, 0][0, 0][0, 0]
[0, 0][1, 1][1, 2][1, 0][0, 0]
[1, 1][0, 0][1, 0][1, 2][0, 0]
the fitness function value: 0.343773
the searching time: 00:14:24
______________________________________________________
chromosome #74
[0, 0][0, 0][0, 0][0, 0][0, 0]
[0, 0][1, 1][1, 2][0, 0][1, 0]
[0, 0][0, 0][0, 0][0, 0][0, 0]
[0, 0][0, 0][0, 0][0, 0][0, 0]
[0, 0][1, 0][0, 0][1, 1][1, 2]
[0, 0][0, 0][0, 0][0, 0][0, 0]
[0, 0][0, 0][0, 0][0, 0][0, 0]
[1, 0][0, 0][0, 0][1, 1][1, 2]
[1, 1][0, 0][1, 2][0, 0][1, 0]
[0, 0][0, 0][0, 0][0, 0][0, 0]
the fitness function value: 0.343773
the searching time: 00:14:24
______________________________________________________
chromosome #75
[1, 2][0, 0][0, 0][1, 0][1, 1]
[0, 0][0, 0][0, 0][0, 0][0, 0]
[0, 0][0, 0][0, 0][0, 0][0, 0]
[1, 1][0, 0][0, 0][1, 2][1, 0]
[0, 0][0, 0][0, 0][0, 0][0, 0]
[0, 0][1, 0][1, 1][0, 0][1, 2]
[0, 0][1, 0][0, 0][1, 2][1, 1]
[0, 0][0, 0][0, 0][0, 0][0, 0]
[1, 2][0, 0][1, 0][1, 1][0, 0]
[0, 0][0, 0][0, 0][0, 0][0, 0]
the fitness function value: 0.342498
the searching time: 00:14:24
______________________________________________________
chromosome #76
[0, 0][0, 0][1, 0][1, 1][1, 2]
[0, 0][0, 0][0, 0][0, 0][0, 0]
[1, 1][1, 2][0, 0][0, 0][1, 0]
[1, 0][0, 0][1, 1][1, 2][0, 0]
[0, 0][0, 0][0, 0][0, 0][0, 0]
[1, 1][1, 0][1, 2][0, 0][0, 0]
[0, 0][0, 0][0, 0][0, 0][0, 0]
[0, 0][1, 0][1, 1][1, 2][0, 0]
[1, 2][0, 0][1, 0][0, 0][1, 1]
[0, 0][0, 0][0, 0][0, 0][0, 0]
the fitness function value: 0.34166
the searching time: 00:14:24
______________________________________________________
chromosome #77
[0, 0][0, 0][0, 0][0, 0][0, 0]
[0, 0][0, 0][0, 0][0, 0][0, 0]
[0, 0][1, 0][0, 0][1, 1][1, 2]
[0, 0][0, 0][0, 0][0, 0][0, 0]
[0, 0][0, 0][0, 0][0, 0][0, 0]
[1, 0][1, 1][0, 0][1, 2][0, 0]
[0, 0][0, 0][1, 1][1, 0][1, 2]
[0, 0][0, 0][0, 0][0, 0][0, 0]
[1, 2][0, 0][0, 0][1, 1][1, 0]
[0, 0][0, 0][0, 0][0, 0][0, 0]
the fitness function value: 0.343773
the searching time: 00:14:59
______________________________________________________
chromosome #78
[0, 0][0, 0][0, 0][0, 0][0, 0]
[0, 0][1, 0][0, 0][1, 1][1, 2]
[1, 0][0, 0][1, 1][1, 2][0, 0]
[0, 0][0, 0][0, 0][0, 0][0, 0]
[1, 0][1, 1][1, 2][0, 0][0, 0]
[0, 0][0, 0][0, 0][0, 0][0, 0]
[0, 0][0, 0][0, 0][0, 0][0, 0]
[0, 0][0, 0][0, 0][0, 0][0, 0]
[0, 0][0, 0][0, 0][0, 0][0, 0]
[0, 0][0, 0][1, 0][1, 2][1, 1]
the fitness function value: 0.343773
the searching time: 00:14:59
______________________________________________________
chromosome #79
[1, 2][0, 0][1, 1][1, 0][0, 0]
[1, 1][1, 2][0, 0][0, 0][1, 0]
[0, 0][0, 0][1, 0][1, 1][1, 2]
[0, 0][1, 0][1, 2][1, 1][0, 0]
[0, 0][0, 0][0, 0][0, 0][0, 0]
[0, 0][0, 0][0, 0][0, 0][0, 0]
[0, 0][0, 0][0, 0][0, 0][0, 0]
[0, 0][0, 0][0, 0][0, 0][0, 0]
[0, 0][0, 0][0, 0][0, 0][0, 0]
[1, 1][0, 0][0, 0][1, 0][1, 2]
the fitness function value: 0.342498
the searching time: 00:14:59
______________________________________________________
chromosome #80
[0, 0][0, 0][0, 0][0, 0][0, 0]
[0, 0][1, 1][1, 2][0, 0][1, 0]
[1, 0][0, 0][0, 0][1, 1][1, 2]
[0, 0][1, 0][0, 0][1, 1][1, 2]
[0, 0][0, 0][0, 0][0, 0][0, 0]
[0, 0][0, 0][0, 0][0, 0][0, 0]
[0, 0][0, 0][0, 0][0, 0][0, 0]
[0, 0][0, 0][0, 0][0, 0][0, 0]
[0, 0][1, 1][1, 2][1, 0][0, 0]
[1, 1][0, 0][1, 0][1, 2][0, 0]
the fitness function value: 0.342498
the searching time: 00:14:59
______________________________________________________
chromosome #81
[0, 0][0, 0][1, 0][1, 1][1, 2]
[0, 0][0, 0][0, 0][0, 0][0, 0]
[1, 1][1, 2][0, 0][0, 0][1, 0]
[1, 0][0, 0][1, 1][1, 2][0, 0]
[0, 0][0, 0][0, 0][0, 0][0, 0]
[1, 1][1, 0][1, 2][0, 0][0, 0]
[0, 0][0, 0][0, 0][0, 0][0, 0]
[0, 0][1, 0][1, 1][1, 2][0, 0]
[1, 2][0, 0][1, 0][0, 0][1, 1]
[0, 0][0, 0][0, 0][0, 0][0, 0]
the fitness function value: 0.34166
the searching time: 00:14:59
______________________________________________________
chromosome #82
[0, 0][0, 0][0, 0][0, 0][0, 0]
[0, 0][0, 0][0, 0][0, 0][0, 0]
[1, 0][0, 0][0, 0][1, 1][1, 2]
[0, 0][1, 0][0, 0][1, 1][1, 2]
[0, 0][0, 0][0, 0][0, 0][0, 0]
[0, 0][0, 0][0, 0][0, 0][0, 0]
[0, 0][0, 0][0, 0][0, 0][0, 0]
[0, 0][0, 0][0, 0][0, 0][0, 0]
[0, 0][1, 1][1, 2][1, 0][0, 0]
[1, 1][0, 0][1, 0][1, 2][0, 0]
the fitness function value: 0.343773
the searching time: 00:15:35
______________________________________________________
chromosome #83
[0, 0][0, 0][0, 0][0, 0][0, 0]
[1, 0][0, 0][0, 0][1, 1][1, 2]
[0, 0][0, 0][0, 0][0, 0][0, 0]
[1, 1][1, 0][0, 0][1, 2][0, 0]
[0, 0][0, 0][0, 0][0, 0][0, 0]
[0, 0][0, 0][0, 0][0, 0][0, 0]
[0, 0][0, 0][0, 0][0, 0][0, 0]
[0, 0][0, 0][0, 0][0, 0][0, 0]
[0, 0][1, 1][1, 0][1, 2][0, 0]
[0, 0][1, 0][1, 1][0, 0][1, 2]
the fitness function value: 0.343773
the searching time: 00:15:35
______________________________________________________
chromosome #84
[0, 0][0, 0][0, 0][0, 0][0, 0]
[0, 0][0, 0][0, 0][0, 0][0, 0]
[0, 0][0, 0][0, 0][0, 0][0, 0]
[0, 0][0, 0][0, 0][0, 0][0, 0]
[1, 2][1, 0][0, 0][0, 0][1, 1]
[1, 1][0, 0][0, 0][1, 2][1, 0]
[1, 1][1, 2][0, 0][0, 0][1, 0]
[0, 0][0, 0][0, 0][0, 0][0, 0]
[1, 1][1, 0][0, 0][1, 2][0, 0]
[1, 0][1, 1][1, 2][0, 0][0, 0]
the fitness function value: 0.342498
the searching time: 00:15:35
______________________________________________________
chromosome #85
[0, 0][0, 0][0, 0][0, 0][0, 0]
[1, 1][1, 2][1, 0][0, 0][0, 0]
[0, 0][0, 0][0, 0][0, 0][0, 0]
[1, 0][1, 2][0, 0][0, 0][1, 1]
[0, 0][0, 0][0, 0][0, 0][0, 0]
[0, 0][0, 0][0, 0][0, 0][0, 0]
[1, 1][1, 0][0, 0][1, 2][0, 0]
[1, 1][1, 2][0, 0][0, 0][1, 0]
[1, 0][1, 2][0, 0][0, 0][1, 1]
[1, 0][1, 2][1, 1][0, 0][0, 0]
the fitness function value: 0.34166
the searching time: 00:15:35
______________________________________________________
chromosome #86
[0, 0][0, 0][0, 0][0, 0][0, 0]
[1, 0][0, 0][1, 2][0, 0][1, 1]
[0, 0][0, 0][0, 0][0, 0][0, 0]
[0, 0][1, 0][0, 0][1, 2][1, 1]
[0, 0][1, 0][1, 1][1, 2][0, 0]
[0, 0][0, 0][0, 0][0, 0][0, 0]
[1, 1][0, 0][0, 0][1, 0][1, 2]
[0, 0][0, 0][0, 0][0, 0][0, 0]
[0, 0][1, 0][0, 0][1, 1][1, 2]
[1, 0][0, 0][1, 1][1, 2][0, 0]
the fitness function value: 0.34166
the searching time: 00:15:35
______________________________________________________
chromosome #87
[0, 0][0, 0][1, 0][1, 1][1, 2]
[0, 0][0, 0][0, 0][0, 0][0, 0]
[1, 1][1, 2][0, 0][0, 0][1, 0]
[1, 0][0, 0][1, 1][1, 2][0, 0]
[0, 0][0, 0][0, 0][0, 0][0, 0]
[1, 1][1, 0][1, 2][0, 0][0, 0]
[0, 0][0, 0][0, 0][0, 0][0, 0]
[0, 0][1, 0][1, 1][1, 2][0, 0]
[1, 2][0, 0][1, 0][0, 0][1, 1]
[0, 0][0, 0][0, 0][0, 0][0, 0]
the fitness function value: 0.34166
the searching time: 00:15:35
______________________________________________________
chromosome #88
[0, 0][0, 0][0, 0][0, 0][0, 0]
[0, 0][0, 0][0, 0][0, 0][0, 0]
[1, 0][0, 0][0, 0][1, 1][1, 2]
[0, 0][1, 0][0, 0][1, 1][1, 2]
[0, 0][0, 0][0, 0][0, 0][0, 0]
[0, 0][0, 0][0, 0][0, 0][0, 0]
[0, 0][0, 0][0, 0][0, 0][0, 0]
[0, 0][0, 0][0, 0][0, 0][0, 0]
[0, 0][1, 1][1, 2][1, 0][0, 0]
[0, 0][0, 0][0, 0][0, 0][0, 0]
the fitness function value: 0.345914
the searching time: 00:16:12
______________________________________________________
chromosome #89
[0, 0][0, 0][0, 0][0, 0][0, 0]
[0, 0][1, 1][1, 2][0, 0][1, 0]
[0, 0][0, 0][0, 0][0, 0][0, 0]
[0, 0][0, 0][0, 0][0, 0][0, 0]
[0, 0][1, 0][0, 0][1, 1][1, 2]
[0, 0][0, 0][0, 0][0, 0][0, 0]
[0, 0][0, 0][0, 0][0, 0][0, 0]
[1, 0][0, 0][0, 0][1, 1][1, 2]
[1, 1][0, 0][1, 2][0, 0][1, 0]
[0, 0][0, 0][0, 0][0, 0][0, 0]
the fitness function value: 0.343773
the searching time: 00:16:12
______________________________________________________
chromosome #90
[0, 0][1, 0][0, 0][1, 1][1, 2]
[0, 0][0, 0][0, 0][0, 0][0, 0]
[0, 0][0, 0][0, 0][0, 0][0, 0]
[1, 0][1, 2][0, 0][1, 1][0, 0]
[0, 0][0, 0][0, 0][0, 0][0, 0]
[0, 0][0, 0][0, 0][0, 0][0, 0]
[0, 0][0, 0][0, 0][0, 0][0, 0]
[0, 0][0, 0][0, 0][0, 0][0, 0]
[1, 2][1, 0][1, 1][0, 0][0, 0]
[0, 0][0, 0][0, 0][0, 0][0, 0]
the fitness function value: 0.345914
the searching time: 00:16:48
______________________________________________________
chromosome #91
[0, 0][0, 0][0, 0][0, 0][0, 0]
[0, 0][0, 0][0, 0][0, 0][0, 0]
[1, 0][0, 0][0, 0][1, 2][1, 1]
[0, 0][0, 0][0, 0][0, 0][0, 0]
[0, 0][0, 0][0, 0][0, 0][0, 0]
[0, 0][1, 0][1, 1][1, 2][0, 0]
[0, 0][0, 0][0, 0][0, 0][0, 0]
[0, 0][1, 0][1, 2][0, 0][1, 1]
[0, 0][0, 0][1, 1][1, 2][1, 0]
[1, 1][0, 0][1, 2][1, 0][0, 0]
the fitness function value: 0.342498
the searching time: 00:16:48
______________________________________________________
chromosome #92
[0, 0][0, 0][0, 0][0, 0][0, 0]
[1, 0][0, 0][0, 0][1, 1][1, 2]
[0, 0][0, 0][0, 0][0, 0][0, 0]
[1, 1][1, 0][0, 0][1, 2][0, 0]
[0, 0][1, 0][0, 0][1, 1][1, 2]
[0, 0][0, 0][0, 0][0, 0][0, 0]
[0, 0][0, 0][0, 0][0, 0][0, 0]
[0, 0][0, 0][0, 0][0, 0][0, 0]
[0, 0][1, 1][1, 0][1, 2][0, 0]
[0, 0][1, 0][1, 1][0, 0][1, 2]
the fitness function value: 0.342498
the searching time: 00:16:48
______________________________________________________
chromosome #93
[0, 0][0, 0][0, 0][0, 0][0, 0]
[0, 0][0, 0][0, 0][0, 0][0, 0]
[0, 0][0, 0][0, 0][0, 0][0, 0]
[0, 0][0, 0][0, 0][0, 0][0, 0]
[0, 0][0, 0][0, 0][0, 0][0, 0]
[0, 0][1, 0][0, 0][1, 1][1, 2]
[0, 0][0, 0][0, 0][0, 0][0, 0]
[1, 0][0, 0][0, 0][1, 1][1, 2]
[0, 0][0, 0][0, 0][0, 0][0, 0]
[1, 1][0, 0][1, 2][0, 0][1, 0]
the fitness function value: 0.345914
the searching time: 00:17:26
______________________________________________________
chromosome #94
[0, 0][0, 0][0, 0][0, 0][0, 0]
[1, 0][0, 0][0, 0][1, 1][1, 2]
[0, 0][0, 0][0, 0][0, 0][0, 0]
[1, 1][1, 0][0, 0][1, 2][0, 0]
[0, 0][0, 0][0, 0][0, 0][0, 0]
[0, 0][0, 0][0, 0][0, 0][0, 0]
[0, 0][0, 0][0, 0][0, 0][0, 0]
[0, 0][0, 0][0, 0][0, 0][0, 0]
[0, 0][1, 1][1, 0][1, 2][0, 0]
[0, 0][1, 0][1, 1][0, 0][1, 2]
the fitness function value: 0.343773
the searching time: 00:17:26
______________________________________________________
chromosome #95
[0, 0][0, 0][0, 0][0, 0][0, 0]
[0, 0][0, 0][0, 0][0, 0][0, 0]
[1, 2][0, 0][1, 1][1, 0][0, 0]
[0, 0][1, 0][0, 0][1, 2][1, 1]
[0, 0][1, 2][1, 0][1, 1][0, 0]
[0, 0][0, 0][0, 0][0, 0][0, 0]
[0, 0][0, 0][0, 0][0, 0][0, 0]
[0, 0][0, 0][0, 0][0, 0][0, 0]
[0, 0][0, 0][1, 2][1, 1][1, 0]
[1, 1][0, 0][0, 0][1, 0][1, 2]
the fitness function value: 0.342498
the searching time: 00:17:26
______________________________________________________
chromosome #96
[0, 0][0, 0][0, 0][0, 0][0, 0]
[0, 0][0, 0][0, 0][0, 0][0, 0]
[0, 0][0, 0][0, 0][0, 0][0, 0]
[0, 0][1, 0][0, 0][1, 2][1, 1]
[1, 0][0, 0][0, 0][1, 1][1, 2]
[1, 2][0, 0][1, 0][1, 1][0, 0]
[0, 0][0, 0][0, 0][0, 0][0, 0]
[1, 2][1, 1][0, 0][1, 0][0, 0]
[1, 0][1, 1][1, 2][0, 0][0, 0]
[0, 0][0, 0][0, 0][0, 0][0, 0]
the fitness function value: 0.342498
the searching time: 00:18:06
______________________________________________________
chromosome #97
[0, 0][0, 0][0, 0][0, 0][0, 0]
[0, 0][0, 0][0, 0][0, 0][0, 0]
[1, 0][0, 0][0, 0][1, 1][1, 2]
[0, 0][1, 0][0, 0][1, 1][1, 2]
[0, 0][0, 0][0, 0][0, 0][0, 0]
[0, 0][0, 0][0, 0][0, 0][0, 0]
[0, 0][0, 0][0, 0][0, 0][0, 0]
[0, 0][0, 0][0, 0][0, 0][0, 0]
[0, 0][1, 1][1, 2][1, 0][0, 0]
[1, 1][0, 0][1, 0][1, 2][0, 0]
the fitness function value: 0.343773
the searching time: 00:18:43
______________________________________________________
chromosome #98
[0, 0][0, 0][0, 0][0, 0][0, 0]
[0, 0][0, 0][0, 0][0, 0][0, 0]
[1, 0][0, 0][0, 0][1, 1][1, 2]
[0, 0][1, 0][0, 0][1, 1][1, 2]
[0, 0][0, 0][0, 0][0, 0][0, 0]
[0, 0][0, 0][0, 0][0, 0][0, 0]
[0, 0][0, 0][0, 0][0, 0][0, 0]
[0, 0][0, 0][0, 0][0, 0][0, 0]
[0, 0][1, 1][1, 2][1, 0][0, 0]
[1, 1][0, 0][1, 0][1, 2][0, 0]
the fitness function value: 0.343773
the searching time: 00:19:51
______________________________________________________
chromosome #99
[0, 0][0, 0][0, 0][0, 0][0, 0]
[1, 0][1, 1][0, 0][0, 0][1, 2]
[1, 0][0, 0][0, 0][1, 2][1, 1]
[0, 0][0, 0][0, 0][0, 0][0, 0]
[0, 0][0, 0][0, 0][0, 0][0, 0]
[1, 2][1, 1][0, 0][1, 0][0, 0]
[1, 0][1, 1][1, 2][0, 0][0, 0]
[0, 0][0, 0][0, 0][0, 0][0, 0]
[0, 0][0, 0][0, 0][0, 0][0, 0]
[0, 0][0, 0][0, 0][0, 0][0, 0]
the fitness function value: 0.343773
the searching time: 00:20:28
______________________________________________________

    