The Complete Best Results are saved in 20200312_121632.txt 

    Inputed Truth Table:
------------------------
    inputs
    X  Y  C1  A1  A2
0  0  0   0   1   0
1  0  0   1   1   0
2  0  1   0   1   0
3  0  1   1   1   0
4  1  0   0   1   0
5  1  0   1   1   0
6  1  1   0   1   0
7  1  1   1   1   0
	outputs
    S  C2  P    G1    G2
0  0   0  0  None  None
1  1   0  0  None  None
2  1   0  1  None  None
3  0   1  1  None  None
4  1   0  1  None  None
5  0   1  1  None  None
6  0   1  0  None  None
7  1   1  0  None  None

    Configurations:
-------------------
generation size: 8000
chromosome size: 10
crossover probability: 0.2
mutation probability: 0.08
memorised number: 100
iterations limit: 1000
alpha: 0.91
betta: 0.03
gamma: 0.03
lambda: 0.03
process time: 1200

    Results:
------------
    chromosome #0
[1, 1][0, 0][0, 0][1, 0][1, 2]
[1, 1][1, 2][0, 0][0, 0][1, 0]
[0, 0][1, 0][0, 0][1, 2][1, 1]
[0, 0][0, 0][0, 0][0, 0][0, 0]
[1, 0][1, 1][0, 0][0, 0][1, 2]
[0, 0][0, 0][0, 0][0, 0][0, 0]
[1, 1][1, 2][1, 0][0, 0][0, 0]
[0, 0][0, 0][0, 0][0, 0][0, 0]
[0, 0][1, 1][1, 2][0, 0][1, 0]
[0, 0][0, 0][0, 0][0, 0][0, 0]
the fitness function value: 0.493326
the searching time: 00:00:00
______________________________________________________
chromosome #1
[0, 0][0, 0][0, 0][0, 0][0, 0]
[1, 1][0, 0][1, 2][0, 0][1, 0]
[1, 0][0, 0][0, 0][1, 2][1, 1]
[0, 0][0, 0][0, 0][0, 0][0, 0]
[0, 0][0, 0][0, 0][0, 0][0, 0]
[1, 2][1, 0][0, 0][1, 1][0, 0]
[0, 0][0, 0][1, 1][1, 0][1, 2]
[0, 0][0, 0][0, 0][0, 0][0, 0]
[0, 0][0, 0][0, 0][0, 0][0, 0]
[0, 0][0, 0][0, 0][0, 0][0, 0]
the fitness function value: 0.343773
the searching time: 00:00:00
______________________________________________________
chromosome #2
[1, 2][1, 0][0, 0][1, 1][0, 0]
[0, 0][1, 1][0, 0][1, 0][1, 2]
[1, 1][1, 2][0, 0][0, 0][1, 0]
[0, 0][0, 0][0, 0][0, 0][0, 0]
[0, 0][0, 0][0, 0][0, 0][0, 0]
[0, 0][0, 0][0, 0][0, 0][0, 0]
[1, 0][0, 0][1, 1][0, 0][1, 2]
[0, 0][0, 0][0, 0][0, 0][0, 0]
[0, 0][0, 0][0, 0][0, 0][0, 0]
[0, 0][0, 0][0, 0][0, 0][0, 0]
the fitness function value: 0.343773
the searching time: 00:00:00
______________________________________________________
chromosome #3
[1, 1][0, 0][0, 0][1, 0][1, 2]
[1, 1][1, 2][0, 0][0, 0][1, 0]
[0, 0][1, 0][0, 0][1, 2][1, 1]
[0, 0][0, 0][0, 0][0, 0][0, 0]
[1, 0][1, 1][0, 0][0, 0][1, 2]
[0, 0][0, 0][0, 0][0, 0][0, 0]
[1, 1][1, 2][1, 0][0, 0][0, 0]
[0, 0][0, 0][0, 0][0, 0][0, 0]
[0, 0][1, 1][1, 2][0, 0][1, 0]
[0, 0][0, 0][0, 0][0, 0][0, 0]
the fitness function value: 0.493326
the searching time: 00:00:10
______________________________________________________
chromosome #4
[1, 2][1, 0][0, 0][1, 1][0, 0]
[0, 0][1, 1][0, 0][1, 0][1, 2]
[1, 1][1, 2][0, 0][0, 0][1, 0]
[0, 0][0, 0][0, 0][0, 0][0, 0]
[0, 0][0, 0][0, 0][0, 0][0, 0]
[0, 0][0, 0][0, 0][0, 0][0, 0]
[1, 0][0, 0][1, 1][0, 0][1, 2]
[0, 0][0, 0][0, 0][0, 0][0, 0]
[0, 0][0, 0][0, 0][0, 0][0, 0]
[0, 0][0, 0][0, 0][0, 0][0, 0]
the fitness function value: 0.343773
the searching time: 00:00:10
______________________________________________________
chromosome #5
[0, 0][0, 0][0, 0][0, 0][0, 0]
[1, 0][0, 0][0, 0][1, 2][1, 1]
[0, 0][0, 0][0, 0][0, 0][0, 0]
[0, 0][0, 0][0, 0][0, 0][0, 0]
[0, 0][0, 0][0, 0][0, 0][0, 0]
[0, 0][0, 0][0, 0][0, 0][0, 0]
[0, 0][1, 0][0, 0][1, 1][1, 2]
[0, 0][1, 1][1, 2][0, 0][1, 0]
[0, 0][0, 0][0, 0][0, 0][0, 0]
[0, 0][1, 0][1, 1][1, 2][0, 0]
the fitness function value: 0.343773
the searching time: 00:00:22
______________________________________________________
chromosome #6
[0, 0][0, 0][0, 0][0, 0][0, 0]
[1, 1][0, 0][1, 2][0, 0][1, 0]
[1, 0][0, 0][0, 0][1, 2][1, 1]
[0, 0][0, 0][0, 0][0, 0][0, 0]
[0, 0][0, 0][0, 0][0, 0][0, 0]
[1, 2][1, 0][0, 0][1, 1][0, 0]
[0, 0][0, 0][1, 1][1, 0][1, 2]
[0, 0][0, 0][0, 0][0, 0][0, 0]
[0, 0][0, 0][0, 0][0, 0][0, 0]
[0, 0][0, 0][0, 0][0, 0][0, 0]
the fitness function value: 0.343773
the searching time: 00:00:22
______________________________________________________
chromosome #7
[1, 2][1, 0][0, 0][1, 1][0, 0]
[0, 0][1, 1][0, 0][1, 0][1, 2]
[1, 1][1, 2][0, 0][0, 0][1, 0]
[0, 0][0, 0][0, 0][0, 0][0, 0]
[0, 0][0, 0][0, 0][0, 0][0, 0]
[0, 0][0, 0][0, 0][0, 0][0, 0]
[1, 0][0, 0][1, 1][0, 0][1, 2]
[0, 0][0, 0][0, 0][0, 0][0, 0]
[0, 0][0, 0][0, 0][0, 0][0, 0]
[0, 0][0, 0][0, 0][0, 0][0, 0]
the fitness function value: 0.343773
the searching time: 00:00:22
______________________________________________________
chromosome #8
[0, 0][0, 0][1, 2][1, 0][1, 1]
[0, 0][1, 0][1, 2][1, 1][0, 0]
[0, 0][0, 0][0, 0][0, 0][0, 0]
[1, 0][1, 2][0, 0][1, 1][0, 0]
[0, 0][0, 0][0, 0][0, 0][0, 0]
[1, 1][0, 0][0, 0][1, 0][1, 2]
[0, 0][0, 0][0, 0][0, 0][0, 0]
[0, 0][0, 0][0, 0][0, 0][0, 0]
[0, 0][0, 0][0, 0][0, 0][0, 0]
[0, 0][0, 0][0, 0][0, 0][0, 0]
the fitness function value: 0.343773
the searching time: 00:00:35
______________________________________________________
chromosome #9
[0, 0][0, 0][0, 0][0, 0][0, 0]
[1, 1][0, 0][1, 2][0, 0][1, 0]
[1, 0][0, 0][0, 0][1, 2][1, 1]
[0, 0][0, 0][0, 0][0, 0][0, 0]
[0, 0][0, 0][0, 0][0, 0][0, 0]
[1, 2][1, 0][0, 0][1, 1][0, 0]
[0, 0][0, 0][1, 1][1, 0][1, 2]
[0, 0][0, 0][0, 0][0, 0][0, 0]
[0, 0][0, 0][0, 0][0, 0][0, 0]
[0, 0][0, 0][0, 0][0, 0][0, 0]
the fitness function value: 0.343773
the searching time: 00:00:35
______________________________________________________
chromosome #10
[0, 0][0, 0][0, 0][0, 0][0, 0]
[1, 1][0, 0][1, 2][0, 0][1, 0]
[1, 0][0, 0][0, 0][1, 2][1, 1]
[0, 0][0, 0][0, 0][0, 0][0, 0]
[0, 0][0, 0][0, 0][0, 0][0, 0]
[1, 2][1, 0][0, 0][1, 1][0, 0]
[0, 0][0, 0][1, 1][1, 0][1, 2]
[0, 0][0, 0][0, 0][0, 0][0, 0]
[0, 0][0, 0][0, 0][0, 0][0, 0]
[0, 0][0, 0][0, 0][0, 0][0, 0]
the fitness function value: 0.343773
the searching time: 00:00:48
______________________________________________________
chromosome #11
[0, 0][0, 0][0, 0][0, 0][0, 0]
[1, 1][0, 0][1, 2][0, 0][1, 0]
[1, 0][0, 0][0, 0][1, 2][1, 1]
[0, 0][0, 0][0, 0][0, 0][0, 0]
[0, 0][0, 0][0, 0][0, 0][0, 0]
[1, 2][1, 0][0, 0][1, 1][0, 0]
[0, 0][0, 0][1, 1][1, 0][1, 2]
[0, 0][0, 0][0, 0][0, 0][0, 0]
[0, 0][0, 0][0, 0][0, 0][0, 0]
[0, 0][0, 0][0, 0][0, 0][0, 0]
the fitness function value: 0.343773
the searching time: 00:01:12
______________________________________________________
chromosome #12
[1, 1][0, 0][0, 0][1, 0][1, 2]
[1, 1][1, 2][0, 0][0, 0][1, 0]
[0, 0][1, 0][0, 0][1, 2][1, 1]
[0, 0][0, 0][0, 0][0, 0][0, 0]
[1, 0][1, 1][0, 0][0, 0][1, 2]
[0, 0][0, 0][0, 0][0, 0][0, 0]
[1, 1][1, 2][1, 0][0, 0][0, 0]
[0, 0][0, 0][0, 0][0, 0][0, 0]
[0, 0][1, 1][1, 2][0, 0][1, 0]
[0, 0][0, 0][0, 0][0, 0][0, 0]
the fitness function value: 0.493326
the searching time: 00:01:26
______________________________________________________
chromosome #13
[0, 0][0, 0][0, 0][0, 0][0, 0]
[1, 1][0, 0][1, 2][0, 0][1, 0]
[1, 0][0, 0][0, 0][1, 2][1, 1]
[0, 0][0, 0][0, 0][0, 0][0, 0]
[0, 0][0, 0][0, 0][0, 0][0, 0]
[1, 2][1, 0][0, 0][1, 1][0, 0]
[0, 0][0, 0][1, 1][1, 0][1, 2]
[0, 0][0, 0][0, 0][0, 0][0, 0]
[0, 0][0, 0][0, 0][0, 0][0, 0]
[0, 0][0, 0][0, 0][0, 0][0, 0]
the fitness function value: 0.343773
the searching time: 00:01:26
______________________________________________________
chromosome #14
[1, 2][1, 0][0, 0][1, 1][0, 0]
[0, 0][1, 1][0, 0][1, 0][1, 2]
[1, 1][1, 2][0, 0][0, 0][1, 0]
[0, 0][0, 0][0, 0][0, 0][0, 0]
[0, 0][0, 0][0, 0][0, 0][0, 0]
[0, 0][0, 0][0, 0][0, 0][0, 0]
[1, 0][0, 0][1, 1][0, 0][1, 2]
[0, 0][0, 0][0, 0][0, 0][0, 0]
[0, 0][0, 0][0, 0][0, 0][0, 0]
[0, 0][0, 0][0, 0][0, 0][0, 0]
the fitness function value: 0.343773
the searching time: 00:01:26
______________________________________________________
chromosome #15
[1, 1][0, 0][0, 0][1, 0][1, 2]
[1, 1][1, 2][0, 0][0, 0][1, 0]
[0, 0][1, 0][0, 0][1, 2][1, 1]
[0, 0][0, 0][0, 0][0, 0][0, 0]
[1, 0][1, 1][0, 0][0, 0][1, 2]
[0, 0][0, 0][0, 0][0, 0][0, 0]
[1, 1][1, 2][1, 0][0, 0][0, 0]
[0, 0][0, 0][0, 0][0, 0][0, 0]
[0, 0][1, 1][1, 2][0, 0][1, 0]
[0, 0][0, 0][0, 0][0, 0][0, 0]
the fitness function value: 0.493326
the searching time: 00:01:40
______________________________________________________
chromosome #16
[1, 2][1, 0][0, 0][1, 1][0, 0]
[0, 0][1, 1][0, 0][1, 0][1, 2]
[1, 1][1, 2][0, 0][0, 0][1, 0]
[0, 0][0, 0][0, 0][0, 0][0, 0]
[0, 0][0, 0][0, 0][0, 0][0, 0]
[0, 0][0, 0][0, 0][0, 0][0, 0]
[1, 0][0, 0][1, 1][0, 0][1, 2]
[0, 0][0, 0][0, 0][0, 0][0, 0]
[0, 0][0, 0][0, 0][0, 0][0, 0]
[0, 0][0, 0][0, 0][0, 0][0, 0]
the fitness function value: 0.343773
the searching time: 00:01:40
______________________________________________________
chromosome #17
[1, 1][0, 0][0, 0][1, 0][1, 2]
[1, 1][1, 2][0, 0][0, 0][1, 0]
[0, 0][1, 0][0, 0][1, 2][1, 1]
[0, 0][0, 0][0, 0][0, 0][0, 0]
[1, 0][1, 1][0, 0][0, 0][1, 2]
[0, 0][0, 0][0, 0][0, 0][0, 0]
[1, 1][1, 2][1, 0][0, 0][0, 0]
[0, 0][0, 0][0, 0][0, 0][0, 0]
[0, 0][1, 1][1, 2][0, 0][1, 0]
[0, 0][0, 0][0, 0][0, 0][0, 0]
the fitness function value: 0.493326
the searching time: 00:01:54
______________________________________________________
chromosome #18
[0, 0][0, 0][0, 0][0, 0][0, 0]
[1, 1][0, 0][1, 2][0, 0][1, 0]
[1, 0][0, 0][0, 0][1, 2][1, 1]
[0, 0][0, 0][0, 0][0, 0][0, 0]
[0, 0][0, 0][0, 0][0, 0][0, 0]
[1, 2][1, 0][0, 0][1, 1][0, 0]
[0, 0][0, 0][1, 1][1, 0][1, 2]
[0, 0][0, 0][0, 0][0, 0][0, 0]
[0, 0][0, 0][0, 0][0, 0][0, 0]
[0, 0][0, 0][0, 0][0, 0][0, 0]
the fitness function value: 0.343773
the searching time: 00:01:54
______________________________________________________
chromosome #19
[1, 2][1, 0][0, 0][1, 1][0, 0]
[0, 0][1, 1][0, 0][1, 0][1, 2]
[1, 1][1, 2][0, 0][0, 0][1, 0]
[0, 0][0, 0][0, 0][0, 0][0, 0]
[0, 0][0, 0][0, 0][0, 0][0, 0]
[0, 0][0, 0][0, 0][0, 0][0, 0]
[1, 0][0, 0][1, 1][0, 0][1, 2]
[0, 0][0, 0][0, 0][0, 0][0, 0]
[0, 0][0, 0][0, 0][0, 0][0, 0]
[0, 0][0, 0][0, 0][0, 0][0, 0]
the fitness function value: 0.343773
the searching time: 00:01:54
______________________________________________________
chromosome #20
[1, 1][0, 0][0, 0][1, 0][1, 2]
[1, 1][1, 2][0, 0][0, 0][1, 0]
[0, 0][1, 0][0, 0][1, 2][1, 1]
[0, 0][0, 0][0, 0][0, 0][0, 0]
[1, 0][1, 1][0, 0][0, 0][1, 2]
[0, 0][0, 0][0, 0][0, 0][0, 0]
[1, 1][1, 2][1, 0][0, 0][0, 0]
[0, 0][0, 0][0, 0][0, 0][0, 0]
[0, 0][1, 1][1, 2][0, 0][1, 0]
[0, 0][0, 0][0, 0][0, 0][0, 0]
the fitness function value: 0.493326
the searching time: 00:02:09
______________________________________________________
chromosome #21
[0, 0][0, 0][0, 0][0, 0][0, 0]
[1, 1][0, 0][1, 2][0, 0][1, 0]
[1, 0][0, 0][0, 0][1, 2][1, 1]
[0, 0][0, 0][0, 0][0, 0][0, 0]
[0, 0][0, 0][0, 0][0, 0][0, 0]
[1, 2][1, 0][0, 0][1, 1][0, 0]
[0, 0][0, 0][1, 1][1, 0][1, 2]
[0, 0][0, 0][0, 0][0, 0][0, 0]
[0, 0][0, 0][0, 0][0, 0][0, 0]
[0, 0][0, 0][0, 0][0, 0][0, 0]
the fitness function value: 0.343773
the searching time: 00:02:09
______________________________________________________
chromosome #22
[1, 2][1, 0][0, 0][1, 1][0, 0]
[0, 0][1, 1][0, 0][1, 0][1, 2]
[1, 1][1, 2][0, 0][0, 0][1, 0]
[0, 0][0, 0][0, 0][0, 0][0, 0]
[0, 0][0, 0][0, 0][0, 0][0, 0]
[0, 0][0, 0][0, 0][0, 0][0, 0]
[1, 0][0, 0][1, 1][0, 0][1, 2]
[0, 0][0, 0][0, 0][0, 0][0, 0]
[0, 0][0, 0][0, 0][0, 0][0, 0]
[0, 0][0, 0][0, 0][0, 0][0, 0]
the fitness function value: 0.343773
the searching time: 00:02:09
______________________________________________________
chromosome #23
[1, 1][0, 0][0, 0][1, 0][1, 2]
[1, 1][1, 2][0, 0][0, 0][1, 0]
[0, 0][1, 0][0, 0][1, 2][1, 1]
[0, 0][0, 0][0, 0][0, 0][0, 0]
[1, 0][1, 1][0, 0][0, 0][1, 2]
[0, 0][0, 0][0, 0][0, 0][0, 0]
[1, 1][1, 2][1, 0][0, 0][0, 0]
[0, 0][0, 0][0, 0][0, 0][0, 0]
[0, 0][1, 1][1, 2][0, 0][1, 0]
[0, 0][0, 0][0, 0][0, 0][0, 0]
the fitness function value: 0.493326
the searching time: 00:02:39
______________________________________________________
chromosome #24
[1, 0][1, 2][0, 0][0, 0][1, 1]
[1, 2][0, 0][1, 0][0, 0][1, 1]
[1, 1][1, 0][0, 0][1, 2][0, 0]
[0, 0][0, 0][0, 0][0, 0][0, 0]
[0, 0][0, 0][0, 0][0, 0][0, 0]
[0, 0][0, 0][0, 0][0, 0][0, 0]
[1, 0][1, 1][0, 0][1, 2][0, 0]
[0, 0][1, 2][0, 0][1, 1][1, 0]
[1, 1][1, 2][0, 0][0, 0][1, 0]
[1, 0][1, 1][1, 2][0, 0][0, 0]
the fitness function value: 0.492735
the searching time: 00:02:39
______________________________________________________
chromosome #25
[0, 0][0, 0][0, 0][0, 0][0, 0]
[1, 1][0, 0][1, 2][0, 0][1, 0]
[1, 0][0, 0][0, 0][1, 2][1, 1]
[0, 0][0, 0][0, 0][0, 0][0, 0]
[0, 0][1, 0][0, 0][1, 2][1, 1]
[0, 0][0, 0][0, 0][0, 0][0, 0]
[0, 0][0, 0][0, 0][0, 0][0, 0]
[0, 0][0, 0][0, 0][0, 0][0, 0]
[0, 0][1, 1][1, 2][0, 0][1, 0]
[0, 0][0, 0][0, 0][0, 0][0, 0]
the fitness function value: 0.343773
the searching time: 00:02:39
______________________________________________________
chromosome #26
[0, 0][0, 0][0, 0][0, 0][0, 0]
[1, 1][0, 0][1, 2][0, 0][1, 0]
[1, 0][0, 0][0, 0][1, 2][1, 1]
[0, 0][0, 0][0, 0][0, 0][0, 0]
[0, 0][0, 0][0, 0][0, 0][0, 0]
[1, 2][1, 0][0, 0][1, 1][0, 0]
[0, 0][0, 0][1, 1][1, 0][1, 2]
[0, 0][0, 0][0, 0][0, 0][0, 0]
[0, 0][0, 0][0, 0][0, 0][0, 0]
[0, 0][0, 0][0, 0][0, 0][0, 0]
the fitness function value: 0.343773
the searching time: 00:02:39
______________________________________________________
chromosome #27
[1, 2][1, 0][0, 0][1, 1][0, 0]
[0, 0][1, 1][0, 0][1, 0][1, 2]
[1, 1][1, 2][0, 0][0, 0][1, 0]
[0, 0][0, 0][0, 0][0, 0][0, 0]
[0, 0][0, 0][0, 0][0, 0][0, 0]
[0, 0][0, 0][0, 0][0, 0][0, 0]
[1, 0][0, 0][1, 1][0, 0][1, 2]
[0, 0][0, 0][0, 0][0, 0][0, 0]
[0, 0][0, 0][0, 0][0, 0][0, 0]
[0, 0][0, 0][0, 0][0, 0][0, 0]
the fitness function value: 0.343773
the searching time: 00:02:39
______________________________________________________
chromosome #28
[1, 1][0, 0][0, 0][1, 0][1, 2]
[1, 1][1, 2][0, 0][0, 0][1, 0]
[0, 0][1, 0][0, 0][1, 2][1, 1]
[0, 0][0, 0][0, 0][0, 0][0, 0]
[1, 0][1, 1][0, 0][0, 0][1, 2]
[0, 0][0, 0][0, 0][0, 0][0, 0]
[1, 1][1, 2][1, 0][0, 0][0, 0]
[0, 0][0, 0][0, 0][0, 0][0, 0]
[0, 0][1, 1][1, 2][0, 0][1, 0]
[0, 0][0, 0][0, 0][0, 0][0, 0]
the fitness function value: 0.493326
the searching time: 00:02:54
______________________________________________________
chromosome #29
[1, 2][1, 0][0, 0][0, 0][1, 1]
[1, 0][1, 2][0, 0][1, 1][0, 0]
[0, 0][0, 0][0, 0][0, 0][0, 0]
[0, 0][0, 0][0, 0][0, 0][0, 0]
[0, 0][0, 0][0, 0][0, 0][0, 0]
[1, 1][1, 2][0, 0][0, 0][1, 0]
[0, 0][0, 0][0, 0][0, 0][0, 0]
[0, 0][0, 0][0, 0][0, 0][0, 0]
[0, 0][1, 0][1, 2][0, 0][1, 1]
[0, 0][0, 0][0, 0][0, 0][0, 0]
the fitness function value: 0.343773
the searching time: 00:02:54
______________________________________________________
chromosome #30
[0, 0][0, 0][0, 0][0, 0][0, 0]
[1, 1][0, 0][1, 2][0, 0][1, 0]
[1, 0][0, 0][0, 0][1, 2][1, 1]
[0, 0][0, 0][0, 0][0, 0][0, 0]
[0, 0][0, 0][0, 0][0, 0][0, 0]
[1, 2][1, 0][0, 0][1, 1][0, 0]
[0, 0][0, 0][1, 1][1, 0][1, 2]
[0, 0][0, 0][0, 0][0, 0][0, 0]
[0, 0][0, 0][0, 0][0, 0][0, 0]
[0, 0][0, 0][0, 0][0, 0][0, 0]
the fitness function value: 0.343773
the searching time: 00:02:54
______________________________________________________
chromosome #31
[1, 2][1, 0][0, 0][1, 1][0, 0]
[0, 0][1, 1][0, 0][1, 0][1, 2]
[1, 1][1, 2][0, 0][0, 0][1, 0]
[0, 0][0, 0][0, 0][0, 0][0, 0]
[0, 0][0, 0][0, 0][0, 0][0, 0]
[0, 0][0, 0][0, 0][0, 0][0, 0]
[1, 0][0, 0][1, 1][0, 0][1, 2]
[0, 0][0, 0][0, 0][0, 0][0, 0]
[0, 0][0, 0][0, 0][0, 0][0, 0]
[0, 0][0, 0][0, 0][0, 0][0, 0]
the fitness function value: 0.343773
the searching time: 00:02:54
______________________________________________________
chromosome #32
[1, 1][0, 0][0, 0][1, 0][1, 2]
[1, 1][1, 2][0, 0][0, 0][1, 0]
[0, 0][1, 0][0, 0][1, 2][1, 1]
[0, 0][0, 0][0, 0][0, 0][0, 0]
[1, 0][1, 1][0, 0][0, 0][1, 2]
[0, 0][0, 0][0, 0][0, 0][0, 0]
[1, 1][1, 2][1, 0][0, 0][0, 0]
[0, 0][0, 0][0, 0][0, 0][0, 0]
[0, 0][1, 1][1, 2][0, 0][1, 0]
[0, 0][0, 0][0, 0][0, 0][0, 0]
the fitness function value: 0.493326
the searching time: 00:03:10
______________________________________________________
chromosome #33
[1, 1][0, 0][0, 0][1, 0][1, 2]
[1, 1][1, 2][0, 0][0, 0][1, 0]
[0, 0][1, 0][0, 0][1, 2][1, 1]
[0, 0][0, 0][0, 0][0, 0][0, 0]
[1, 0][1, 1][0, 0][0, 0][1, 2]
[0, 0][0, 0][0, 0][0, 0][0, 0]
[1, 1][1, 2][1, 0][0, 0][0, 0]
[0, 0][0, 0][0, 0][0, 0][0, 0]
[0, 0][1, 1][1, 2][0, 0][1, 0]
[0, 0][0, 0][0, 0][0, 0][0, 0]
the fitness function value: 0.493326
the searching time: 00:03:10
______________________________________________________
chromosome #34
[0, 0][0, 0][0, 0][0, 0][0, 0]
[1, 1][0, 0][1, 2][0, 0][1, 0]
[1, 0][0, 0][0, 0][1, 2][1, 1]
[0, 0][0, 0][0, 0][0, 0][0, 0]
[0, 0][0, 0][0, 0][0, 0][0, 0]
[1, 2][1, 0][0, 0][1, 1][0, 0]
[0, 0][0, 0][1, 1][1, 0][1, 2]
[0, 0][0, 0][0, 0][0, 0][0, 0]
[0, 0][0, 0][0, 0][0, 0][0, 0]
[0, 0][0, 0][0, 0][0, 0][0, 0]
the fitness function value: 0.343773
the searching time: 00:03:10
______________________________________________________
chromosome #35
[1, 2][1, 0][0, 0][1, 1][0, 0]
[0, 0][1, 1][0, 0][1, 0][1, 2]
[1, 1][1, 2][0, 0][0, 0][1, 0]
[0, 0][0, 0][0, 0][0, 0][0, 0]
[0, 0][0, 0][0, 0][0, 0][0, 0]
[0, 0][0, 0][0, 0][0, 0][0, 0]
[1, 0][0, 0][1, 1][0, 0][1, 2]
[0, 0][0, 0][0, 0][0, 0][0, 0]
[0, 0][0, 0][0, 0][0, 0][0, 0]
[0, 0][0, 0][0, 0][0, 0][0, 0]
the fitness function value: 0.343773
the searching time: 00:03:10
______________________________________________________
chromosome #36
[1, 1][0, 0][1, 2][1, 0][0, 0]
[0, 0][0, 0][0, 0][0, 0][0, 0]
[0, 0][1, 0][0, 0][1, 2][1, 1]
[0, 0][0, 0][0, 0][0, 0][0, 0]
[0, 0][0, 0][0, 0][0, 0][0, 0]
[0, 0][1, 1][1, 0][1, 2][0, 0]
[0, 0][0, 0][0, 0][0, 0][0, 0]
[0, 0][0, 0][0, 0][0, 0][0, 0]
[1, 1][0, 0][0, 0][1, 0][1, 2]
[0, 0][0, 0][0, 0][0, 0][0, 0]
the fitness function value: 0.343773
the searching time: 00:03:25
______________________________________________________
chromosome #37
[0, 0][0, 0][0, 0][0, 0][0, 0]
[0, 0][0, 0][0, 0][0, 0][0, 0]
[0, 0][1, 0][0, 0][1, 2][1, 1]
[1, 0][0, 0][0, 0][1, 1][1, 2]
[0, 0][0, 0][0, 0][0, 0][0, 0]
[0, 0][0, 0][0, 0][0, 0][0, 0]
[1, 1][0, 0][1, 2][0, 0][1, 0]
[0, 0][0, 0][0, 0][0, 0][0, 0]
[0, 0][0, 0][0, 0][0, 0][0, 0]
[1, 1][1, 2][0, 0][0, 0][1, 0]
the fitness function value: 0.343773
the searching time: 00:03:25
______________________________________________________
chromosome #38
[0, 0][0, 0][0, 0][0, 0][0, 0]
[1, 1][0, 0][1, 2][0, 0][1, 0]
[1, 0][0, 0][0, 0][1, 2][1, 1]
[0, 0][0, 0][0, 0][0, 0][0, 0]
[0, 0][0, 0][0, 0][0, 0][0, 0]
[1, 2][1, 0][0, 0][1, 1][0, 0]
[0, 0][0, 0][1, 1][1, 0][1, 2]
[0, 0][0, 0][0, 0][0, 0][0, 0]
[0, 0][0, 0][0, 0][0, 0][0, 0]
[0, 0][0, 0][0, 0][0, 0][0, 0]
the fitness function value: 0.343773
the searching time: 00:03:25
______________________________________________________
chromosome #39
[1, 2][1, 0][0, 0][1, 1][0, 0]
[0, 0][1, 1][0, 0][1, 0][1, 2]
[1, 1][1, 2][0, 0][0, 0][1, 0]
[0, 0][0, 0][0, 0][0, 0][0, 0]
[0, 0][0, 0][0, 0][0, 0][0, 0]
[0, 0][0, 0][0, 0][0, 0][0, 0]
[1, 0][0, 0][1, 1][0, 0][1, 2]
[0, 0][0, 0][0, 0][0, 0][0, 0]
[0, 0][0, 0][0, 0][0, 0][0, 0]
[0, 0][0, 0][0, 0][0, 0][0, 0]
the fitness function value: 0.343773
the searching time: 00:03:25
______________________________________________________
chromosome #40
[1, 1][0, 0][0, 0][1, 0][1, 2]
[1, 1][1, 2][0, 0][0, 0][1, 0]
[0, 0][1, 0][0, 0][1, 2][1, 1]
[0, 0][0, 0][0, 0][0, 0][0, 0]
[1, 0][1, 1][0, 0][0, 0][1, 2]
[0, 0][0, 0][0, 0][0, 0][0, 0]
[1, 1][1, 2][1, 0][0, 0][0, 0]
[0, 0][0, 0][0, 0][0, 0][0, 0]
[0, 0][1, 1][1, 2][0, 0][1, 0]
[0, 0][0, 0][0, 0][0, 0][0, 0]
the fitness function value: 0.493326
the searching time: 00:03:38
______________________________________________________
chromosome #41
[1, 2][1, 0][0, 0][1, 1][0, 0]
[0, 0][1, 1][0, 0][1, 0][1, 2]
[1, 1][1, 2][0, 0][0, 0][1, 0]
[0, 0][0, 0][0, 0][0, 0][0, 0]
[0, 0][0, 0][0, 0][0, 0][0, 0]
[0, 0][0, 0][0, 0][0, 0][0, 0]
[1, 0][0, 0][1, 1][0, 0][1, 2]
[0, 0][0, 0][0, 0][0, 0][0, 0]
[0, 0][0, 0][0, 0][0, 0][0, 0]
[0, 0][0, 0][0, 0][0, 0][0, 0]
the fitness function value: 0.343773
the searching time: 00:04:04
______________________________________________________
chromosome #42
[1, 1][0, 0][0, 0][1, 0][1, 2]
[1, 1][1, 2][0, 0][0, 0][1, 0]
[0, 0][1, 0][0, 0][1, 2][1, 1]
[0, 0][0, 0][0, 0][0, 0][0, 0]
[1, 0][1, 1][0, 0][0, 0][1, 2]
[0, 0][0, 0][0, 0][0, 0][0, 0]
[1, 1][1, 2][1, 0][0, 0][0, 0]
[0, 0][0, 0][0, 0][0, 0][0, 0]
[0, 0][1, 1][1, 2][0, 0][1, 0]
[0, 0][0, 0][0, 0][0, 0][0, 0]
the fitness function value: 0.493326
the searching time: 00:04:18
______________________________________________________
chromosome #43
[1, 1][0, 0][0, 0][1, 0][1, 2]
[1, 1][1, 2][0, 0][0, 0][1, 0]
[0, 0][1, 0][0, 0][1, 2][1, 1]
[0, 0][0, 0][0, 0][0, 0][0, 0]
[1, 0][1, 1][0, 0][0, 0][1, 2]
[0, 0][0, 0][0, 0][0, 0][0, 0]
[1, 1][1, 2][1, 0][0, 0][0, 0]
[0, 0][0, 0][0, 0][0, 0][0, 0]
[0, 0][1, 1][1, 2][0, 0][1, 0]
[0, 0][0, 0][0, 0][0, 0][0, 0]
the fitness function value: 0.493326
the searching time: 00:04:31
______________________________________________________
chromosome #44
[1, 2][1, 0][0, 0][1, 1][0, 0]
[0, 0][1, 1][0, 0][1, 0][1, 2]
[1, 1][1, 2][0, 0][0, 0][1, 0]
[0, 0][0, 0][0, 0][0, 0][0, 0]
[0, 0][0, 0][0, 0][0, 0][0, 0]
[0, 0][0, 0][0, 0][0, 0][0, 0]
[1, 0][0, 0][1, 1][0, 0][1, 2]
[0, 0][0, 0][0, 0][0, 0][0, 0]
[0, 0][0, 0][0, 0][0, 0][0, 0]
[0, 0][0, 0][0, 0][0, 0][0, 0]
the fitness function value: 0.343773
the searching time: 00:04:31
______________________________________________________
chromosome #45
[1, 1][0, 0][0, 0][1, 0][1, 2]
[1, 1][1, 2][0, 0][0, 0][1, 0]
[0, 0][1, 0][0, 0][1, 2][1, 1]
[0, 0][0, 0][0, 0][0, 0][0, 0]
[1, 0][1, 1][0, 0][0, 0][1, 2]
[0, 0][0, 0][0, 0][0, 0][0, 0]
[1, 1][1, 2][1, 0][0, 0][0, 0]
[0, 0][0, 0][0, 0][0, 0][0, 0]
[0, 0][1, 1][1, 2][0, 0][1, 0]
[0, 0][0, 0][0, 0][0, 0][0, 0]
the fitness function value: 0.493326
the searching time: 00:04:46
______________________________________________________
chromosome #46
[1, 1][0, 0][0, 0][1, 0][1, 2]
[1, 1][1, 2][0, 0][0, 0][1, 0]
[0, 0][1, 0][0, 0][1, 2][1, 1]
[0, 0][0, 0][0, 0][0, 0][0, 0]
[1, 0][1, 1][0, 0][0, 0][1, 2]
[0, 0][0, 0][0, 0][0, 0][0, 0]
[1, 1][1, 2][1, 0][0, 0][0, 0]
[0, 0][0, 0][0, 0][0, 0][0, 0]
[0, 0][1, 1][1, 2][0, 0][1, 0]
[0, 0][0, 0][0, 0][0, 0][0, 0]
the fitness function value: 0.493326
the searching time: 00:05:03
______________________________________________________
chromosome #47
[0, 0][0, 0][0, 0][0, 0][0, 0]
[1, 1][0, 0][1, 2][0, 0][1, 0]
[1, 0][0, 0][0, 0][1, 2][1, 1]
[0, 0][0, 0][0, 0][0, 0][0, 0]
[0, 0][0, 0][0, 0][0, 0][0, 0]
[1, 2][1, 0][0, 0][1, 1][0, 0]
[0, 0][0, 0][1, 1][1, 0][1, 2]
[0, 0][0, 0][0, 0][0, 0][0, 0]
[0, 0][0, 0][0, 0][0, 0][0, 0]
[0, 0][0, 0][0, 0][0, 0][0, 0]
the fitness function value: 0.343773
the searching time: 00:05:03
______________________________________________________
chromosome #48
[0, 0][0, 0][0, 0][0, 0][0, 0]
[1, 1][0, 0][1, 2][0, 0][1, 0]
[1, 0][0, 0][0, 0][1, 2][1, 1]
[0, 0][0, 0][0, 0][0, 0][0, 0]
[0, 0][0, 0][0, 0][0, 0][0, 0]
[1, 2][1, 0][0, 0][1, 1][0, 0]
[0, 0][0, 0][1, 1][1, 0][1, 2]
[0, 0][0, 0][0, 0][0, 0][0, 0]
[0, 0][0, 0][0, 0][0, 0][0, 0]
[0, 0][0, 0][0, 0][0, 0][0, 0]
the fitness function value: 0.343773
the searching time: 00:05:18
______________________________________________________
chromosome #49
[1, 0][0, 0][0, 0][1, 2][1, 1]
[0, 0][0, 0][0, 0][0, 0][0, 0]
[0, 0][0, 0][0, 0][0, 0][0, 0]
[0, 0][0, 0][0, 0][0, 0][0, 0]
[0, 0][1, 0][0, 0][1, 1][1, 2]
[0, 0][0, 0][0, 0][0, 0][0, 0]
[1, 1][1, 2][1, 0][0, 0][0, 0]
[0, 0][0, 0][0, 0][0, 0][0, 0]
[0, 0][1, 1][1, 2][0, 0][1, 0]
[0, 0][0, 0][0, 0][0, 0][0, 0]
the fitness function value: 0.343773
the searching time: 00:05:34
______________________________________________________
chromosome #50
[0, 0][0, 0][0, 0][0, 0][0, 0]
[0, 0][0, 0][0, 0][0, 0][0, 0]
[0, 0][0, 0][0, 0][0, 0][0, 0]
[1, 0][1, 1][0, 0][0, 0][1, 2]
[0, 0][1, 0][0, 0][1, 1][1, 2]
[1, 2][1, 1][0, 0][0, 0][1, 0]
[0, 0][0, 0][0, 0][0, 0][0, 0]
[0, 0][0, 0][0, 0][0, 0][0, 0]
[0, 0][0, 0][0, 0][0, 0][0, 0]
[1, 0][1, 1][1, 2][0, 0][0, 0]
the fitness function value: 0.343773
the searching time: 00:06:07
______________________________________________________
chromosome #51
[1, 1][0, 0][0, 0][1, 0][1, 2]
[1, 1][1, 2][0, 0][0, 0][1, 0]
[0, 0][1, 0][0, 0][1, 2][1, 1]
[0, 0][0, 0][0, 0][0, 0][0, 0]
[1, 0][1, 1][0, 0][0, 0][1, 2]
[0, 0][0, 0][0, 0][0, 0][0, 0]
[1, 1][1, 2][1, 0][0, 0][0, 0]
[0, 0][0, 0][0, 0][0, 0][0, 0]
[0, 0][1, 1][1, 2][0, 0][1, 0]
[0, 0][0, 0][0, 0][0, 0][0, 0]
the fitness function value: 0.493326
the searching time: 00:06:23
______________________________________________________
chromosome #52
[0, 0][0, 0][0, 0][0, 0][0, 0]
[1, 1][0, 0][1, 2][0, 0][1, 0]
[1, 0][0, 0][0, 0][1, 2][1, 1]
[0, 0][0, 0][0, 0][0, 0][0, 0]
[0, 0][0, 0][0, 0][0, 0][0, 0]
[1, 2][1, 0][0, 0][1, 1][0, 0]
[0, 0][0, 0][1, 1][1, 0][1, 2]
[0, 0][0, 0][0, 0][0, 0][0, 0]
[0, 0][0, 0][0, 0][0, 0][0, 0]
[0, 0][0, 0][0, 0][0, 0][0, 0]
the fitness function value: 0.343773
the searching time: 00:06:51
______________________________________________________
chromosome #53
[1, 2][1, 0][0, 0][1, 1][0, 0]
[0, 0][1, 1][0, 0][1, 0][1, 2]
[1, 1][1, 2][0, 0][0, 0][1, 0]
[0, 0][0, 0][0, 0][0, 0][0, 0]
[0, 0][0, 0][0, 0][0, 0][0, 0]
[0, 0][0, 0][0, 0][0, 0][0, 0]
[1, 0][0, 0][1, 1][0, 0][1, 2]
[0, 0][0, 0][0, 0][0, 0][0, 0]
[0, 0][0, 0][0, 0][0, 0][0, 0]
[0, 0][0, 0][0, 0][0, 0][0, 0]
the fitness function value: 0.343773
the searching time: 00:06:51
______________________________________________________
chromosome #54
[1, 1][0, 0][0, 0][1, 0][1, 2]
[1, 1][1, 2][0, 0][0, 0][1, 0]
[0, 0][1, 0][0, 0][1, 2][1, 1]
[0, 0][0, 0][0, 0][0, 0][0, 0]
[1, 0][1, 1][0, 0][0, 0][1, 2]
[0, 0][0, 0][0, 0][0, 0][0, 0]
[1, 1][1, 2][1, 0][0, 0][0, 0]
[0, 0][0, 0][0, 0][0, 0][0, 0]
[0, 0][1, 1][1, 2][0, 0][1, 0]
[0, 0][0, 0][0, 0][0, 0][0, 0]
the fitness function value: 0.493326
the searching time: 00:07:05
______________________________________________________
chromosome #55
[0, 0][0, 0][0, 0][0, 0][0, 0]
[1, 1][0, 0][1, 2][0, 0][1, 0]
[1, 0][0, 0][0, 0][1, 2][1, 1]
[0, 0][0, 0][0, 0][0, 0][0, 0]
[0, 0][0, 0][0, 0][0, 0][0, 0]
[1, 2][1, 0][0, 0][1, 1][0, 0]
[0, 0][0, 0][0, 0][0, 0][0, 0]
[0, 0][0, 0][0, 0][0, 0][0, 0]
[0, 0][0, 0][1, 1][1, 0][1, 2]
[0, 0][0, 0][0, 0][0, 0][0, 0]
the fitness function value: 0.343773
the searching time: 00:07:05
______________________________________________________
chromosome #56
[0, 0][0, 0][0, 0][0, 0][0, 0]
[1, 1][0, 0][1, 2][0, 0][1, 0]
[1, 0][0, 0][0, 0][1, 2][1, 1]
[0, 0][0, 0][0, 0][0, 0][0, 0]
[0, 0][0, 0][0, 0][0, 0][0, 0]
[1, 2][1, 0][0, 0][1, 1][0, 0]
[0, 0][0, 0][1, 1][1, 0][1, 2]
[0, 0][0, 0][0, 0][0, 0][0, 0]
[0, 0][0, 0][0, 0][0, 0][0, 0]
[0, 0][0, 0][0, 0][0, 0][0, 0]
the fitness function value: 0.343773
the searching time: 00:07:05
______________________________________________________
chromosome #57
[0, 0][0, 0][0, 0][0, 0][0, 0]
[1, 1][0, 0][1, 2][0, 0][1, 0]
[1, 0][0, 0][0, 0][1, 2][1, 1]
[0, 0][0, 0][0, 0][0, 0][0, 0]
[0, 0][0, 0][0, 0][0, 0][0, 0]
[1, 2][1, 0][0, 0][1, 1][0, 0]
[0, 0][0, 0][1, 1][1, 0][1, 2]
[0, 0][0, 0][0, 0][0, 0][0, 0]
[0, 0][0, 0][0, 0][0, 0][0, 0]
[0, 0][0, 0][0, 0][0, 0][0, 0]
the fitness function value: 0.343773
the searching time: 00:07:18
______________________________________________________
chromosome #58
[1, 2][1, 0][0, 0][1, 1][0, 0]
[0, 0][1, 1][0, 0][1, 0][1, 2]
[1, 1][1, 2][0, 0][0, 0][1, 0]
[0, 0][0, 0][0, 0][0, 0][0, 0]
[0, 0][0, 0][0, 0][0, 0][0, 0]
[0, 0][0, 0][0, 0][0, 0][0, 0]
[1, 0][0, 0][1, 1][0, 0][1, 2]
[0, 0][0, 0][0, 0][0, 0][0, 0]
[0, 0][0, 0][0, 0][0, 0][0, 0]
[0, 0][0, 0][0, 0][0, 0][0, 0]
the fitness function value: 0.343773
the searching time: 00:07:18
______________________________________________________
chromosome #59
[1, 1][0, 0][0, 0][1, 0][1, 2]
[1, 1][1, 2][0, 0][0, 0][1, 0]
[0, 0][1, 0][0, 0][1, 2][1, 1]
[0, 0][0, 0][0, 0][0, 0][0, 0]
[1, 0][1, 1][0, 0][0, 0][1, 2]
[0, 0][0, 0][0, 0][0, 0][0, 0]
[1, 1][1, 2][1, 0][0, 0][0, 0]
[0, 0][0, 0][0, 0][0, 0][0, 0]
[0, 0][1, 1][1, 2][0, 0][1, 0]
[0, 0][0, 0][0, 0][0, 0][0, 0]
the fitness function value: 0.493326
the searching time: 00:07:33
______________________________________________________
chromosome #60
[0, 0][0, 0][0, 0][0, 0][0, 0]
[1, 1][0, 0][1, 2][0, 0][1, 0]
[1, 0][0, 0][0, 0][1, 2][1, 1]
[0, 0][0, 0][0, 0][0, 0][0, 0]
[0, 0][0, 0][0, 0][0, 0][0, 0]
[1, 2][1, 0][0, 0][1, 1][0, 0]
[0, 0][0, 0][1, 1][1, 0][1, 2]
[0, 0][0, 0][0, 0][0, 0][0, 0]
[0, 0][0, 0][0, 0][0, 0][0, 0]
[0, 0][0, 0][0, 0][0, 0][0, 0]
the fitness function value: 0.343773
the searching time: 00:07:33
______________________________________________________
chromosome #61
[1, 2][1, 0][0, 0][1, 1][0, 0]
[0, 0][1, 1][0, 0][1, 0][1, 2]
[1, 1][1, 2][0, 0][0, 0][1, 0]
[0, 0][0, 0][0, 0][0, 0][0, 0]
[0, 0][0, 0][0, 0][0, 0][0, 0]
[0, 0][0, 0][0, 0][0, 0][0, 0]
[1, 0][0, 0][1, 1][0, 0][1, 2]
[0, 0][0, 0][0, 0][0, 0][0, 0]
[0, 0][0, 0][0, 0][0, 0][0, 0]
[0, 0][0, 0][0, 0][0, 0][0, 0]
the fitness function value: 0.343773
the searching time: 00:07:33
______________________________________________________
chromosome #62
[0, 0][0, 0][0, 0][0, 0][0, 0]
[1, 0][0, 0][0, 0][1, 2][1, 1]
[0, 0][0, 0][0, 0][0, 0][0, 0]
[0, 0][0, 0][0, 0][0, 0][0, 0]
[0, 0][0, 0][0, 0][0, 0][0, 0]
[0, 0][0, 0][0, 0][0, 0][0, 0]
[1, 2][1, 0][0, 0][1, 1][0, 0]
[0, 0][0, 0][0, 0][0, 0][0, 0]
[0, 0][0, 0][0, 0][0, 0][0, 0]
[0, 0][0, 0][1, 1][1, 0][1, 2]
the fitness function value: 0.345914
the searching time: 00:07:49
______________________________________________________
chromosome #63
[0, 0][0, 0][0, 0][0, 0][0, 0]
[0, 0][1, 0][0, 0][1, 2][1, 1]
[1, 0][1, 1][0, 0][1, 2][0, 0]
[0, 0][0, 0][0, 0][0, 0][0, 0]
[0, 0][0, 0][0, 0][0, 0][0, 0]
[0, 0][0, 0][0, 0][0, 0][0, 0]
[1, 2][0, 0][0, 0][1, 1][1, 0]
[0, 0][1, 0][1, 1][0, 0][1, 2]
[0, 0][0, 0][0, 0][0, 0][0, 0]
[0, 0][0, 0][0, 0][0, 0][0, 0]
the fitness function value: 0.343773
the searching time: 00:07:49
______________________________________________________
chromosome #64
[1, 2][1, 0][0, 0][1, 1][0, 0]
[0, 0][1, 1][0, 0][1, 0][1, 2]
[1, 1][1, 2][0, 0][0, 0][1, 0]
[0, 0][0, 0][0, 0][0, 0][0, 0]
[0, 0][0, 0][0, 0][0, 0][0, 0]
[0, 0][0, 0][0, 0][0, 0][0, 0]
[1, 0][0, 0][1, 1][0, 0][1, 2]
[0, 0][0, 0][0, 0][0, 0][0, 0]
[0, 0][0, 0][0, 0][0, 0][0, 0]
[0, 0][0, 0][0, 0][0, 0][0, 0]
the fitness function value: 0.343773
the searching time: 00:07:49
______________________________________________________
chromosome #65
[1, 1][0, 0][0, 0][1, 0][1, 2]
[1, 1][1, 2][0, 0][0, 0][1, 0]
[0, 0][1, 0][0, 0][1, 2][1, 1]
[0, 0][0, 0][0, 0][0, 0][0, 0]
[1, 0][1, 1][0, 0][0, 0][1, 2]
[0, 0][0, 0][0, 0][0, 0][0, 0]
[1, 1][1, 2][1, 0][0, 0][0, 0]
[0, 0][0, 0][0, 0][0, 0][0, 0]
[0, 0][1, 1][1, 2][0, 0][1, 0]
[0, 0][0, 0][0, 0][0, 0][0, 0]
the fitness function value: 0.493326
the searching time: 00:08:05
______________________________________________________
chromosome #66
[0, 0][0, 0][0, 0][0, 0][0, 0]
[1, 1][0, 0][1, 2][0, 0][1, 0]
[1, 0][0, 0][0, 0][1, 2][1, 1]
[0, 0][0, 0][0, 0][0, 0][0, 0]
[0, 0][0, 0][0, 0][0, 0][0, 0]
[1, 2][1, 0][0, 0][1, 1][0, 0]
[0, 0][0, 0][1, 1][1, 0][1, 2]
[0, 0][0, 0][0, 0][0, 0][0, 0]
[0, 0][0, 0][0, 0][0, 0][0, 0]
[0, 0][0, 0][0, 0][0, 0][0, 0]
the fitness function value: 0.343773
the searching time: 00:08:05
______________________________________________________
chromosome #67
[1, 2][1, 0][0, 0][1, 1][0, 0]
[0, 0][1, 1][0, 0][1, 0][1, 2]
[1, 1][1, 2][0, 0][0, 0][1, 0]
[0, 0][0, 0][0, 0][0, 0][0, 0]
[0, 0][0, 0][0, 0][0, 0][0, 0]
[0, 0][0, 0][0, 0][0, 0][0, 0]
[1, 0][0, 0][1, 1][0, 0][1, 2]
[0, 0][0, 0][0, 0][0, 0][0, 0]
[0, 0][0, 0][0, 0][0, 0][0, 0]
[0, 0][0, 0][0, 0][0, 0][0, 0]
the fitness function value: 0.343773
the searching time: 00:08:05
______________________________________________________
chromosome #68
[1, 1][0, 0][0, 0][1, 0][1, 2]
[1, 1][1, 2][0, 0][0, 0][1, 0]
[0, 0][1, 0][0, 0][1, 2][1, 1]
[0, 0][0, 0][0, 0][0, 0][0, 0]
[1, 0][1, 1][0, 0][0, 0][1, 2]
[0, 0][0, 0][0, 0][0, 0][0, 0]
[1, 1][1, 2][1, 0][0, 0][0, 0]
[0, 0][0, 0][0, 0][0, 0][0, 0]
[0, 0][1, 1][1, 2][0, 0][1, 0]
[0, 0][0, 0][0, 0][0, 0][0, 0]
the fitness function value: 0.493326
the searching time: 00:08:18
______________________________________________________
chromosome #69
[0, 0][0, 0][0, 0][0, 0][0, 0]
[1, 1][0, 0][1, 2][0, 0][1, 0]
[1, 0][0, 0][0, 0][1, 2][1, 1]
[0, 0][0, 0][0, 0][0, 0][0, 0]
[0, 0][0, 0][0, 0][0, 0][0, 0]
[1, 2][1, 0][0, 0][1, 1][0, 0]
[0, 0][0, 0][1, 1][1, 0][1, 2]
[0, 0][0, 0][0, 0][0, 0][0, 0]
[0, 0][0, 0][0, 0][0, 0][0, 0]
[0, 0][0, 0][0, 0][0, 0][0, 0]
the fitness function value: 0.343773
the searching time: 00:08:18
______________________________________________________
chromosome #70
[1, 2][1, 0][0, 0][1, 1][0, 0]
[0, 0][1, 1][0, 0][1, 0][1, 2]
[1, 1][1, 2][0, 0][0, 0][1, 0]
[0, 0][0, 0][0, 0][0, 0][0, 0]
[0, 0][0, 0][0, 0][0, 0][0, 0]
[0, 0][0, 0][0, 0][0, 0][0, 0]
[1, 0][0, 0][1, 1][0, 0][1, 2]
[0, 0][0, 0][0, 0][0, 0][0, 0]
[0, 0][0, 0][0, 0][0, 0][0, 0]
[0, 0][0, 0][0, 0][0, 0][0, 0]
the fitness function value: 0.343773
the searching time: 00:08:18
______________________________________________________
chromosome #71
[1, 1][0, 0][0, 0][1, 0][1, 2]
[1, 1][1, 2][0, 0][0, 0][1, 0]
[0, 0][1, 0][0, 0][1, 2][1, 1]
[0, 0][0, 0][0, 0][0, 0][0, 0]
[1, 0][1, 1][0, 0][0, 0][1, 2]
[0, 0][0, 0][0, 0][0, 0][0, 0]
[1, 1][1, 2][1, 0][0, 0][0, 0]
[0, 0][0, 0][0, 0][0, 0][0, 0]
[0, 0][1, 1][1, 2][0, 0][1, 0]
[0, 0][0, 0][0, 0][0, 0][0, 0]
the fitness function value: 0.493326
the searching time: 00:08:33
______________________________________________________
chromosome #72
[0, 0][0, 0][0, 0][0, 0][0, 0]
[1, 1][0, 0][1, 2][0, 0][1, 0]
[1, 0][0, 0][0, 0][1, 2][1, 1]
[0, 0][0, 0][0, 0][0, 0][0, 0]
[0, 0][0, 0][0, 0][0, 0][0, 0]
[1, 2][1, 0][0, 0][1, 1][0, 0]
[0, 0][0, 0][1, 1][1, 0][1, 2]
[0, 0][0, 0][0, 0][0, 0][0, 0]
[0, 0][0, 0][0, 0][0, 0][0, 0]
[0, 0][0, 0][0, 0][0, 0][0, 0]
the fitness function value: 0.343773
the searching time: 00:08:33
______________________________________________________
chromosome #73
[0, 0][0, 0][0, 0][0, 0][0, 0]
[1, 1][0, 0][1, 2][0, 0][1, 0]
[1, 0][0, 0][0, 0][1, 2][1, 1]
[0, 0][0, 0][0, 0][0, 0][0, 0]
[0, 0][0, 0][0, 0][0, 0][0, 0]
[1, 2][1, 0][0, 0][1, 1][0, 0]
[0, 0][0, 0][1, 1][1, 0][1, 2]
[0, 0][0, 0][0, 0][0, 0][0, 0]
[0, 0][0, 0][0, 0][0, 0][0, 0]
[0, 0][0, 0][0, 0][0, 0][0, 0]
the fitness function value: 0.343773
the searching time: 00:08:46
______________________________________________________
chromosome #74
[1, 1][0, 0][0, 0][1, 0][1, 2]
[1, 1][1, 2][0, 0][0, 0][1, 0]
[0, 0][1, 0][0, 0][1, 2][1, 1]
[0, 0][0, 0][0, 0][0, 0][0, 0]
[1, 0][1, 1][0, 0][0, 0][1, 2]
[0, 0][0, 0][0, 0][0, 0][0, 0]
[1, 1][1, 2][1, 0][0, 0][0, 0]
[0, 0][0, 0][0, 0][0, 0][0, 0]
[0, 0][1, 1][1, 2][0, 0][1, 0]
[0, 0][0, 0][0, 0][0, 0][0, 0]
the fitness function value: 0.493326
the searching time: 00:09:00
______________________________________________________
chromosome #75
[1, 1][0, 0][0, 0][1, 0][1, 2]
[1, 1][1, 2][0, 0][0, 0][1, 0]
[0, 0][1, 0][0, 0][1, 2][1, 1]
[0, 0][0, 0][0, 0][0, 0][0, 0]
[1, 0][1, 1][0, 0][0, 0][1, 2]
[0, 0][0, 0][0, 0][0, 0][0, 0]
[1, 1][1, 2][1, 0][0, 0][0, 0]
[0, 0][0, 0][0, 0][0, 0][0, 0]
[0, 0][1, 1][1, 2][0, 0][1, 0]
[1, 2][0, 0][0, 0][1, 1][1, 0]
the fitness function value: 0.492735
the searching time: 00:09:00
______________________________________________________
chromosome #76
[1, 1][0, 0][0, 0][1, 0][1, 2]
[1, 1][1, 2][0, 0][0, 0][1, 0]
[0, 0][1, 0][0, 0][1, 2][1, 1]
[0, 0][0, 0][0, 0][0, 0][0, 0]
[1, 0][1, 1][0, 0][0, 0][1, 2]
[0, 0][0, 0][0, 0][0, 0][0, 0]
[1, 1][1, 2][1, 0][0, 0][0, 0]
[0, 0][0, 0][0, 0][0, 0][0, 0]
[0, 0][1, 1][1, 2][0, 0][1, 0]
[0, 0][0, 0][0, 0][0, 0][0, 0]
the fitness function value: 0.493326
the searching time: 00:09:14
______________________________________________________
chromosome #77
[0, 0][0, 0][0, 0][0, 0][0, 0]
[1, 1][0, 0][1, 2][0, 0][1, 0]
[1, 0][0, 0][0, 0][1, 2][1, 1]
[0, 0][0, 0][0, 0][0, 0][0, 0]
[0, 0][0, 0][0, 0][0, 0][0, 0]
[1, 2][1, 0][0, 0][1, 1][0, 0]
[0, 0][0, 0][1, 1][1, 0][1, 2]
[0, 0][0, 0][0, 0][0, 0][0, 0]
[0, 0][0, 0][0, 0][0, 0][0, 0]
[0, 0][0, 0][0, 0][0, 0][0, 0]
the fitness function value: 0.343773
the searching time: 00:09:14
______________________________________________________
chromosome #78
[1, 1][0, 0][0, 0][1, 0][1, 2]
[1, 1][1, 2][0, 0][0, 0][1, 0]
[0, 0][1, 0][0, 0][1, 2][1, 1]
[0, 0][0, 0][0, 0][0, 0][0, 0]
[1, 0][1, 1][0, 0][0, 0][1, 2]
[0, 0][0, 0][0, 0][0, 0][0, 0]
[1, 1][1, 2][1, 0][0, 0][0, 0]
[0, 0][0, 0][0, 0][0, 0][0, 0]
[0, 0][1, 1][1, 2][0, 0][1, 0]
[0, 0][0, 0][0, 0][0, 0][0, 0]
the fitness function value: 0.493326
the searching time: 00:09:28
______________________________________________________
chromosome #79
[1, 1][0, 0][0, 0][1, 0][1, 2]
[1, 1][1, 2][0, 0][0, 0][1, 0]
[0, 0][1, 0][0, 0][1, 2][1, 1]
[0, 0][0, 0][0, 0][0, 0][0, 0]
[1, 0][1, 1][0, 0][0, 0][1, 2]
[0, 0][0, 0][0, 0][0, 0][0, 0]
[1, 1][1, 2][1, 0][0, 0][0, 0]
[0, 0][0, 0][0, 0][0, 0][0, 0]
[0, 0][1, 1][1, 2][0, 0][1, 0]
[0, 0][0, 0][0, 0][0, 0][0, 0]
the fitness function value: 0.493326
the searching time: 00:09:42
______________________________________________________
chromosome #80
[1, 1][0, 0][0, 0][1, 0][1, 2]
[1, 1][1, 2][0, 0][0, 0][1, 0]
[0, 0][1, 0][0, 0][1, 2][1, 1]
[0, 0][0, 0][0, 0][0, 0][0, 0]
[1, 0][1, 1][0, 0][0, 0][1, 2]
[0, 0][0, 0][0, 0][0, 0][0, 0]
[1, 1][1, 2][1, 0][0, 0][0, 0]
[0, 0][0, 0][0, 0][0, 0][0, 0]
[0, 0][1, 1][1, 2][0, 0][1, 0]
[0, 0][0, 0][0, 0][0, 0][0, 0]
the fitness function value: 0.493326
the searching time: 00:09:56
______________________________________________________
chromosome #81
[1, 1][0, 0][0, 0][1, 0][1, 2]
[1, 1][1, 2][0, 0][0, 0][1, 0]
[0, 0][1, 0][0, 0][1, 2][1, 1]
[0, 0][0, 0][0, 0][0, 0][0, 0]
[1, 0][1, 1][0, 0][0, 0][1, 2]
[0, 0][0, 0][0, 0][0, 0][0, 0]
[1, 1][1, 2][1, 0][0, 0][0, 0]
[0, 0][0, 0][0, 0][0, 0][0, 0]
[0, 0][1, 1][1, 2][0, 0][1, 0]
[0, 0][0, 0][0, 0][0, 0][0, 0]
the fitness function value: 0.493326
the searching time: 00:10:24
______________________________________________________
chromosome #82
[0, 0][0, 0][0, 0][0, 0][0, 0]
[1, 1][0, 0][1, 2][0, 0][1, 0]
[1, 0][0, 0][0, 0][1, 2][1, 1]
[0, 0][0, 0][0, 0][0, 0][0, 0]
[0, 0][0, 0][0, 0][0, 0][0, 0]
[1, 2][1, 0][0, 0][1, 1][0, 0]
[0, 0][0, 0][1, 1][1, 0][1, 2]
[0, 0][0, 0][0, 0][0, 0][0, 0]
[0, 0][0, 0][0, 0][0, 0][0, 0]
[0, 0][0, 0][0, 0][0, 0][0, 0]
the fitness function value: 0.343773
the searching time: 00:10:24
______________________________________________________
chromosome #83
[1, 1][0, 0][0, 0][1, 0][1, 2]
[1, 1][1, 2][0, 0][0, 0][1, 0]
[0, 0][1, 0][0, 0][1, 2][1, 1]
[0, 0][0, 0][0, 0][0, 0][0, 0]
[1, 0][1, 1][0, 0][0, 0][1, 2]
[0, 0][0, 0][0, 0][0, 0][0, 0]
[1, 1][1, 2][1, 0][0, 0][0, 0]
[0, 0][0, 0][0, 0][0, 0][0, 0]
[0, 0][1, 1][1, 2][0, 0][1, 0]
[0, 0][0, 0][0, 0][0, 0][0, 0]
the fitness function value: 0.493326
the searching time: 00:10:38
______________________________________________________
chromosome #84
[0, 0][0, 0][0, 0][0, 0][0, 0]
[1, 1][0, 0][1, 2][0, 0][1, 0]
[1, 0][0, 0][0, 0][1, 2][1, 1]
[0, 0][0, 0][0, 0][0, 0][0, 0]
[0, 0][0, 0][0, 0][0, 0][0, 0]
[1, 2][1, 0][0, 0][1, 1][0, 0]
[0, 0][0, 0][1, 1][1, 0][1, 2]
[0, 0][0, 0][0, 0][0, 0][0, 0]
[0, 0][0, 0][0, 0][0, 0][0, 0]
[0, 0][0, 0][0, 0][0, 0][0, 0]
the fitness function value: 0.343773
the searching time: 00:10:38
______________________________________________________
chromosome #85
[0, 0][0, 0][0, 0][0, 0][0, 0]
[0, 0][0, 0][0, 0][0, 0][0, 0]
[0, 0][0, 0][0, 0][0, 0][0, 0]
[0, 0][0, 0][0, 0][0, 0][0, 0]
[1, 2][0, 0][0, 0][1, 0][1, 1]
[1, 2][1, 0][0, 0][1, 1][0, 0]
[0, 0][0, 0][0, 0][0, 0][0, 0]
[0, 0][1, 1][0, 0][1, 2][1, 0]
[1, 1][0, 0][1, 2][1, 0][0, 0]
[0, 0][0, 0][0, 0][0, 0][0, 0]
the fitness function value: 0.343773
the searching time: 00:13:05
______________________________________________________
chromosome #86
[1, 1][0, 0][0, 0][1, 0][1, 2]
[1, 1][1, 2][0, 0][0, 0][1, 0]
[0, 0][1, 0][0, 0][1, 2][1, 1]
[0, 0][0, 0][0, 0][0, 0][0, 0]
[1, 0][1, 1][0, 0][0, 0][1, 2]
[0, 0][0, 0][0, 0][0, 0][0, 0]
[1, 1][1, 2][1, 0][0, 0][0, 0]
[0, 0][0, 0][0, 0][0, 0][0, 0]
[0, 0][1, 1][1, 2][0, 0][1, 0]
[0, 0][0, 0][0, 0][0, 0][0, 0]
the fitness function value: 0.493326
the searching time: 00:13:22
______________________________________________________
chromosome #87
[1, 1][0, 0][0, 0][1, 0][1, 2]
[1, 1][1, 2][0, 0][0, 0][1, 0]
[0, 0][1, 0][0, 0][1, 2][1, 1]
[0, 0][0, 0][0, 0][0, 0][0, 0]
[1, 0][1, 1][0, 0][0, 0][1, 2]
[0, 0][0, 0][0, 0][0, 0][0, 0]
[1, 1][1, 2][1, 0][0, 0][0, 0]
[1, 2][0, 0][1, 0][1, 1][0, 0]
[0, 0][1, 1][1, 2][0, 0][1, 0]
[0, 0][0, 0][0, 0][0, 0][0, 0]
the fitness function value: 0.492735
the searching time: 00:13:39
______________________________________________________
chromosome #88
[1, 1][0, 0][0, 0][1, 0][1, 2]
[1, 1][1, 2][0, 0][0, 0][1, 0]
[0, 0][1, 0][0, 0][1, 2][1, 1]
[0, 0][0, 0][0, 0][0, 0][0, 0]
[1, 0][1, 1][0, 0][0, 0][1, 2]
[0, 0][0, 0][0, 0][0, 0][0, 0]
[1, 1][1, 2][1, 0][0, 0][0, 0]
[0, 0][0, 0][0, 0][0, 0][0, 0]
[0, 0][1, 1][1, 2][0, 0][1, 0]
[0, 0][0, 0][0, 0][0, 0][0, 0]
the fitness function value: 0.493326
the searching time: 00:13:54
______________________________________________________
chromosome #89
[1, 0][0, 0][0, 0][1, 1][1, 2]
[0, 0][0, 0][0, 0][0, 0][0, 0]
[0, 0][0, 0][0, 0][0, 0][0, 0]
[0, 0][0, 0][0, 0][0, 0][0, 0]
[1, 1][1, 0][1, 2][0, 0][0, 0]
[1, 2][0, 0][1, 1][0, 0][1, 0]
[0, 0][0, 0][0, 0][0, 0][0, 0]
[0, 0][0, 0][0, 0][0, 0][0, 0]
[0, 0][0, 0][0, 0][0, 0][0, 0]
[0, 0][1, 0][0, 0][1, 1][1, 2]
the fitness function value: 0.343773
the searching time: 00:14:26
______________________________________________________
chromosome #90
[1, 1][0, 0][0, 0][1, 0][1, 2]
[1, 1][1, 2][0, 0][0, 0][1, 0]
[0, 0][1, 0][0, 0][1, 2][1, 1]
[0, 0][0, 0][0, 0][0, 0][0, 0]
[1, 0][1, 1][0, 0][0, 0][1, 2]
[0, 0][0, 0][0, 0][0, 0][0, 0]
[1, 1][1, 2][1, 0][0, 0][0, 0]
[0, 0][0, 0][0, 0][0, 0][0, 0]
[0, 0][1, 1][1, 2][0, 0][1, 0]
[0, 0][0, 0][0, 0][0, 0][0, 0]
the fitness function value: 0.493326
the searching time: 00:14:56
______________________________________________________
chromosome #91
[1, 1][0, 0][0, 0][1, 0][1, 2]
[1, 1][1, 2][0, 0][0, 0][1, 0]
[0, 0][1, 0][0, 0][1, 2][1, 1]
[0, 0][0, 0][0, 0][0, 0][0, 0]
[1, 0][1, 1][0, 0][0, 0][1, 2]
[0, 0][0, 0][0, 0][0, 0][0, 0]
[1, 1][1, 2][1, 0][0, 0][0, 0]
[0, 0][0, 0][0, 0][0, 0][0, 0]
[0, 0][1, 1][1, 2][0, 0][1, 0]
[0, 0][0, 0][0, 0][0, 0][0, 0]
the fitness function value: 0.493326
the searching time: 00:15:16
______________________________________________________
chromosome #92
[1, 1][0, 0][0, 0][1, 0][1, 2]
[1, 1][1, 2][0, 0][0, 0][1, 0]
[0, 0][1, 0][0, 0][1, 2][1, 1]
[0, 0][0, 0][0, 0][0, 0][0, 0]
[1, 0][1, 1][0, 0][0, 0][1, 2]
[0, 0][0, 0][0, 0][0, 0][0, 0]
[1, 1][1, 2][1, 0][0, 0][0, 0]
[0, 0][0, 0][0, 0][0, 0][0, 0]
[0, 0][1, 1][1, 2][0, 0][1, 0]
[0, 0][0, 0][0, 0][0, 0][0, 0]
the fitness function value: 0.493326
the searching time: 00:15:34
______________________________________________________
chromosome #93
[1, 1][0, 0][0, 0][1, 0][1, 2]
[1, 1][1, 2][0, 0][0, 0][1, 0]
[0, 0][1, 0][0, 0][1, 2][1, 1]
[0, 0][0, 0][0, 0][0, 0][0, 0]
[1, 0][1, 1][0, 0][0, 0][1, 2]
[0, 0][0, 0][0, 0][0, 0][0, 0]
[1, 1][1, 2][1, 0][0, 0][0, 0]
[0, 0][0, 0][0, 0][0, 0][0, 0]
[0, 0][1, 1][1, 2][0, 0][1, 0]
[0, 0][0, 0][0, 0][0, 0][0, 0]
the fitness function value: 0.493326
the searching time: 00:15:51
______________________________________________________
chromosome #94
[0, 0][0, 0][0, 0][0, 0][0, 0]
[1, 0][0, 0][0, 0][1, 1][1, 2]
[0, 0][0, 0][0, 0][0, 0][0, 0]
[0, 0][0, 0][0, 0][0, 0][0, 0]
[0, 0][0, 0][0, 0][0, 0][0, 0]
[0, 0][1, 0][1, 1][1, 2][0, 0]
[0, 0][0, 0][0, 0][0, 0][0, 0]
[0, 0][0, 0][0, 0][0, 0][0, 0]
[1, 1][1, 0][1, 2][0, 0][0, 0]
[0, 0][0, 0][1, 0][1, 1][1, 2]
the fitness function value: 0.343773
the searching time: 00:15:51
______________________________________________________
chromosome #95
[1, 1][0, 0][0, 0][1, 0][1, 2]
[1, 1][1, 2][0, 0][0, 0][1, 0]
[0, 0][1, 0][0, 0][1, 2][1, 1]
[0, 0][0, 0][0, 0][0, 0][0, 0]
[1, 0][1, 1][0, 0][0, 0][1, 2]
[0, 0][0, 0][0, 0][0, 0][0, 0]
[1, 1][1, 2][1, 0][0, 0][0, 0]
[0, 0][0, 0][0, 0][0, 0][0, 0]
[0, 0][1, 1][1, 2][0, 0][1, 0]
[0, 0][0, 0][0, 0][0, 0][0, 0]
the fitness function value: 0.493326
the searching time: 00:16:07
______________________________________________________
chromosome #96
[1, 2][0, 0][0, 0][1, 1][1, 0]
[0, 0][0, 0][0, 0][0, 0][0, 0]
[1, 0][0, 0][0, 0][1, 2][1, 1]
[0, 0][0, 0][0, 0][0, 0][0, 0]
[0, 0][0, 0][0, 0][0, 0][0, 0]
[1, 2][1, 0][0, 0][1, 1][0, 0]
[0, 0][0, 0][1, 1][1, 0][1, 2]
[0, 0][0, 0][0, 0][0, 0][0, 0]
[0, 0][0, 0][0, 0][0, 0][0, 0]
[0, 0][0, 0][0, 0][0, 0][0, 0]
the fitness function value: 0.343773
the searching time: 00:16:07
______________________________________________________
chromosome #97
[1, 1][0, 0][0, 0][1, 0][1, 2]
[1, 1][1, 2][0, 0][0, 0][1, 0]
[0, 0][1, 0][0, 0][1, 2][1, 1]
[0, 0][0, 0][0, 0][0, 0][0, 0]
[1, 0][1, 1][0, 0][0, 0][1, 2]
[0, 0][0, 0][0, 0][0, 0][0, 0]
[1, 1][1, 2][1, 0][0, 0][0, 0]
[0, 0][0, 0][0, 0][0, 0][0, 0]
[0, 0][1, 1][1, 2][0, 0][1, 0]
[0, 0][0, 0][0, 0][0, 0][0, 0]
the fitness function value: 0.493326
the searching time: 00:16:22
______________________________________________________
chromosome #98
[0, 0][0, 0][0, 0][0, 0][0, 0]
[1, 1][0, 0][1, 2][0, 0][1, 0]
[1, 0][0, 0][0, 0][1, 2][1, 1]
[0, 0][0, 0][0, 0][0, 0][0, 0]
[0, 0][0, 0][0, 0][0, 0][0, 0]
[1, 2][1, 0][0, 0][1, 1][0, 0]
[0, 0][0, 0][1, 1][1, 0][1, 2]
[0, 0][0, 0][0, 0][0, 0][0, 0]
[0, 0][0, 0][0, 0][0, 0][0, 0]
[0, 0][0, 0][0, 0][0, 0][0, 0]
the fitness function value: 0.343773
the searching time: 00:16:22
______________________________________________________
chromosome #99
[0, 0][1, 0][0, 0][1, 1][1, 2]
[0, 0][0, 0][0, 0][0, 0][0, 0]
[0, 0][0, 0][0, 0][0, 0][0, 0]
[0, 0][0, 0][0, 0][0, 0][0, 0]
[1, 0][1, 2][0, 0][0, 0][1, 1]
[0, 0][0, 0][0, 0][0, 0][0, 0]
[0, 0][0, 0][0, 0][0, 0][0, 0]
[1, 0][1, 1][0, 0][1, 2][0, 0]
[0, 0][0, 0][0, 0][0, 0][0, 0]
[1, 2][1, 0][1, 1][0, 0][0, 0]
the fitness function value: 0.343773
the searching time: 00:17:49
______________________________________________________

    