The Complete Best Results are saved in 20200326_083906.txt 

    Inputed Truth Table:
------------------------
    inputs
    X  Y  C1  A1  A2  A3
0  0  0   0   1   0   1
1  0  0   1   1   0   1
2  0  1   0   1   0   1
3  0  1   1   1   0   1
4  1  0   0   1   0   1
5  1  0   1   1   0   1
6  1  1   0   1   0   1
7  1  1   1   1   0   1
	outputs
    S  C2  P    G1    G2    G3
0  0   0  0  None  None  None
1  1   0  0  None  None  None
2  1   0  1  None  None  None
3  0   1  1  None  None  None
4  1   0  1  None  None  None
5  0   1  1  None  None  None
6  0   1  0  None  None  None
7  1   1  0  None  None  None

    Configurations:
-------------------
generation size: 3000
chromosome size: 7
crossover probability: 0.6
mutation probability: 0.04
memorised number: 10
alpha: 0.91
betta: 0.03
gamma: 0.03
lambda: 0.03
process time: 60
iterations limit: 400

    Results:
------------
                                              chromosome     value            time
0  [[[0, 0], [0, 0], [0, 0], [0, 0], [0, 0], [0, ...  0.490503 00:00:00.817809
1  [[[2, 0], [1, 0], [1, 1], [1, 2], [2, 1], [2, ...  0.340203 00:00:00.817809
2  [[[0, 0], [1, 2], [1, 1], [0, 0], [1, 0], [0, ...  0.338837 00:00:00.817809
9  [[[0, 0], [1, 2], [1, 1], [0, 0], [1, 0], [0, ...  0.338837 00:00:05.311321
3  [[[0, 0], [0, 0], [0, 0], [0, 0], [0, 0], [0, ...  0.264370 00:00:00.817809
4  [[[0, 0], [0, 0], [1, 2], [1, 1], [0, 0], [1, ...  0.263779 00:00:00.817809
5  [[[1, 1], [0, 0], [1, 0], [1, 2], [0, 0], [0, ...  0.263341 00:00:00.817809
6  [[[0, 0], [0, 0], [0, 0], [1, 2], [1, 0], [1, ...  0.263003 00:00:00.817809
7  [[[0, 0], [1, 0], [0, 0], [1, 2], [1, 1], [0, ...  0.263003 00:00:00.817809
8  [[[1, 0], [2, 1], [2, 2], [1, 1], [1, 2], [2, ...  0.263003 00:00:00.817809______________________________________________________

    