The Complete Best Results are saved in 20200407_164233.txt 

    Inputed Truth Table:
------------------------
    inputs
      X    Y   C1   A1   A2   A3
0    0    0    0    1    0    1
1    0    0    1    1    0    1
2    0    1    0    1    0    1
3    0    1    1    1    0    1
4    1    0    0    1    0    1
5    1    0    1    1    0    1
6    1    1    0    1    0    1
7    1    1    1    1    0    1
	outputs
      S   C2    P    G1    G2    G3
0    0    0    0  None  None  None
1    1    0    0  None  None  None
2    1    0    1  None  None  None
3    0    1    1  None  None  None
4    1    0    1  None  None  None
5    0    1    1  None  None  None
6    0    1    0  None  None  None
7    1    1    0  None  None  None

    Configurations:
-------------------
generation size: 1000
chromosome size: 7
crossover probability: 0.6
mutation probability: 0.04
memorised number: 10
alpha: 0.91
betta: 0.03
gamma: 0.03
lambda: 0.03
process time: 100
iterations limit: 400

    Results:
------------
                                              chromosome     value            time
0  [[[0, 0], [1, 0], [0, 0], [0, 0], [1, 1], [1, ...  0.265208 00:00:00.395937
1  [[[1, 2], [2, 0], [1, 1], [2, 1], [2, 2], [1, ...  0.264770 00:00:00.395937
2  [[[0, 0], [0, 0], [0, 0], [0, 0], [0, 0], [0, ...  0.225829 00:00:00.395937
9  [[[0, 0], [0, 0], [0, 0], [0, 0], [0, 0], [0, ...  0.225829 00:01:39.792402
3  [[[0, 0], [1, 0], [1, 2], [0, 0], [1, 1], [0, ...  0.224554 00:00:00.395937
4  [[[1, 1], [2, 2], [1, 0], [1, 2], [2, 0], [2, ...  0.221574 00:00:00.395937
5  [[[0, 0], [0, 0], [0, 0], [0, 0], [0, 0], [0, ...  0.221574 00:00:00.395937
6  [[[0, 0], [0, 0], [0, 0], [0, 0], [0, 0], [0, ...  0.220983 00:00:00.395937
7  [[[2, 1], [2, 2], [1, 1], [2, 0], [1, 0], [1, ...  0.219270 00:00:00.395937
8  [[[0, 0], [0, 0], [0, 0], [0, 0], [0, 0], [0, ...  0.219270 00:00:00.395937______________________________________________________

    