The Complete Best Results are saved in 20200323_183525.txt 

    Inputed Truth Table:
------------------------
    inputs
    X  Y  C1  A1  A2  A3
0  0  0   0   1   0   1
1  0  0   1   1   0   1
2  0  1   0   1   0   1
3  0  1   1   1   0   1
4  1  0   0   1   0   1
5  1  0   1   1   0   1
6  1  1   0   1   0   1
7  1  1   1   1   0   1
	outputs
    S  C2  P    G1    G2    G3
0  0   0  0  None  None  None
1  1   0  0  None  None  None
2  1   0  1  None  None  None
3  0   1  1  None  None  None
4  1   0  1  None  None  None
5  0   1  1  None  None  None
6  0   1  0  None  None  None
7  1   1  0  None  None  None

    Configurations:
-------------------
generation size: 100
chromosome size: 4
crossover probability: 0.6
mutation probability: 0.04
memorised number: 10
alpha: 0.91
betta: 0.03
gamma: 0.03
lambda: 0.03
process time: 60
iterations limit: 400

    Results:
------------
    chromosome #0
[1, 0][2, 0][1, 1][2, 1][2, 2][1, 2]
[1, 0][2, 0][2, 1][2, 2][1, 1][1, 2]
[2, 2][2, 0][1, 2][1, 0][2, 1][1, 1]
[1, 0][2, 1][1, 2][2, 2][1, 1][2, 0]
the fitness function value: 0.220545
the searching time: 00:00:00
______________________________________________________
chromosome #1
[2, 0][1, 0][2, 2][1, 2][1, 1][2, 1]
[1, 2][2, 1][2, 0][2, 2][1, 0][1, 1]
[2, 0][1, 1][1, 2][2, 1][2, 2][1, 0]
[0, 0][1, 0][0, 0][1, 1][1, 2][0, 0]
the fitness function value: 0.19065
the searching time: 00:00:00
______________________________________________________
chromosome #2
[2, 0][1, 1][1, 0][2, 2][2, 1][1, 2]
[1, 0][2, 0][2, 1][1, 2][2, 2][1, 1]
[0, 0][1, 2][1, 0][1, 1][0, 0][0, 0]
[1, 0][2, 0][1, 2][2, 1][1, 1][2, 2]
the fitness function value: 0.19065
the searching time: 00:00:00
______________________________________________________
chromosome #3
[1, 2][0, 0][1, 0][0, 0][0, 0][1, 1]
[1, 1][2, 0][2, 1][2, 2][1, 0][1, 2]
[0, 0][0, 0][0, 0][0, 0][0, 0][0, 0]
[1, 0][1, 1][0, 0][1, 2][0, 0][0, 0]
the fitness function value: 0.171687
the searching time: 00:00:00
______________________________________________________
chromosome #4
[2, 0][2, 1][1, 0][1, 1][1, 2][2, 2]
[0, 0][0, 0][0, 0][0, 0][0, 0][0, 0]
[2, 1][1, 0][1, 2][1, 1][2, 0][2, 2]
[0, 0][0, 0][0, 0][0, 0][0, 0][0, 0]
the fitness function value: 0.171687
the searching time: 00:00:00
______________________________________________________
chromosome #5
[1, 0][2, 0][1, 1][2, 1][2, 2][1, 2]
[1, 0][2, 0][2, 1][2, 2][1, 1][1, 2]
[2, 2][2, 0][1, 2][1, 0][2, 1][1, 1]
[1, 0][2, 1][1, 2][2, 2][1, 1][2, 0]
the fitness function value: 0.220545
the searching time: 00:00:01
______________________________________________________
chromosome #6
[2, 0][2, 1][1, 0][1, 1][1, 2][2, 2]
[0, 0][0, 0][0, 0][0, 0][0, 0][0, 0]
[2, 1][1, 0][1, 2][1, 1][2, 0][2, 2]
[1, 1][2, 2][2, 1][1, 2][1, 0][2, 0]
the fitness function value: 0.191241
the searching time: 00:00:01
______________________________________________________
chromosome #7
[2, 0][1, 0][2, 2][1, 2][1, 1][2, 1]
[1, 2][2, 1][2, 0][2, 2][1, 0][1, 1]
[2, 0][1, 1][1, 2][2, 1][2, 2][1, 0]
[0, 0][1, 0][0, 0][1, 1][1, 2][0, 0]
the fitness function value: 0.19065
the searching time: 00:00:01
______________________________________________________
chromosome #8
[2, 0][1, 1][1, 0][2, 2][2, 1][1, 2]
[1, 0][2, 0][2, 1][1, 2][2, 2][1, 1]
[0, 0][1, 2][1, 0][1, 1][0, 0][0, 0]
[1, 0][2, 0][1, 2][2, 1][1, 1][2, 2]
the fitness function value: 0.19065
the searching time: 00:00:01
______________________________________________________
chromosome #9
[1, 0][2, 0][2, 1][2, 2][1, 1][1, 2]
[0, 0][0, 0][0, 0][0, 0][0, 0][0, 0]
[0, 0][0, 0][0, 0][0, 0][0, 0][0, 0]
[0, 0][0, 0][0, 0][1, 0][1, 1][1, 2]
the fitness function value: 0.173829
the searching time: 00:00:01
______________________________________________________

    