The Complete Best Results are saved in 20200325_185945.txt 

    Inputed Truth Table:
------------------------
    inputs
    X  Y  C1  A1  A2  A3
0  0  0   0   1   0   1
1  0  0   1   1   0   1
2  0  1   0   1   0   1
3  0  1   1   1   0   1
4  1  0   0   1   0   1
5  1  0   1   1   0   1
6  1  1   0   1   0   1
7  1  1   1   1   0   1
	outputs
    S  C2  P    G1    G2    G3
0  0   0  0  None  None  None
1  1   0  0  None  None  None
2  1   0  1  None  None  None
3  0   1  1  None  None  None
4  1   0  1  None  None  None
5  0   1  1  None  None  None
6  0   1  0  None  None  None
7  1   1  0  None  None  None

    Configurations:
-------------------
generation size: 100
chromosome size: 4
crossover probability: 0.6
mutation probability: 0.04
memorised number: 10
alpha: 0.91
betta: 0.03
gamma: 0.03
lambda: 0.03
process time: 3
iterations limit: 400

    Results:
------------
                                              chromosome     value            time
0  [[[2, 0], [1, 1], [2, 1], [2, 2], [1, 0], [1, ...  0.191241 00:00:00.082774
1  [[[2, 0], [1, 0], [1, 1], [2, 1], [2, 2], [1, ...  0.171687 00:00:00.082774
2  [[[0, 0], [0, 0], [0, 0], [0, 0], [0, 0], [0, ...  0.171687 00:00:00.082774
3  [[[1, 0], [1, 1], [1, 2], [0, 0], [0, 0], [0, ...  0.170412 00:00:00.082774
4  [[[2, 0], [1, 0], [1, 1], [1, 2], [2, 1], [2, ...  0.170412 00:00:00.082774
5  [[[0, 0], [0, 0], [0, 0], [0, 0], [0, 0], [0, ...  0.170412 00:00:00.082774
9  [[[0, 0], [0, 0], [0, 0], [0, 0], [0, 0], [0, ...  0.170412 00:00:03.155805
6  [[[1, 0], [1, 2], [2, 0], [1, 1], [2, 1], [2, ...  0.168983 00:00:00.082774
7  [[[2, 2], [1, 1], [2, 0], [2, 1], [1, 2], [1, ...  0.168545 00:00:00.082774
8  [[[1, 0], [1, 1], [2, 0], [1, 2], [2, 1], [2, ...  0.157579 00:00:00.082774______________________________________________________

    