The Complete Best Results are saved in 20200404_135730.txt 

    Inputed Truth Table:
------------------------
    inputs
      X    Y   C1   A1   A2   A3
0    0    0    0    1    0    1
1    0    0    1    1    0    1
2    0    1    0    1    0    1
3    0    1    1    1    0    1
4    1    0    0    1    0    1
5    1    0    1    1    0    1
6    1    1    0    1    0    1
7    1    1    1    1    0    1
	outputs
      S   C2    P    G1    G2    G3
0    0    0    0  None  None  None
1    1    0    0  None  None  None
2    1    0    1  None  None  None
3    0    1    1  None  None  None
4    1    0    1  None  None  None
5    0    1    1  None  None  None
6    0    1    0  None  None  None
7    1    1    0  None  None  None

    Configurations:
-------------------
generation size: 100
chromosome size: 7
crossover probability: 0.6
mutation probability: 0.04
memorised number: 10
alpha: 0.91
betta: 0.03
gamma: 0.03
lambda: 0.03
process time: 1
iterations limit: 400

    Results:
------------
                                              chromosome     value            time
0  [[[1, 1], [2, 0], [2, 1], [1, 0], [1, 2], [2, ...  0.188537 00:00:00.100729
1  [[[1, 2], [0, 0], [1, 0], [0, 0], [0, 0], [1, ...  0.187946 00:00:00.100729
2  [[[1, 1], [1, 2], [0, 0], [0, 0], [1, 0], [0, ...  0.187946 00:00:00.100729
3  [[[2, 0], [1, 0], [2, 1], [2, 2], [1, 1], [1, ...  0.167708 00:00:00.100729
4  [[[0, 0], [1, 0], [0, 0], [1, 1], [0, 0], [1, ...  0.167708 00:00:00.100729
5  [[[0, 0], [0, 0], [0, 0], [0, 0], [0, 0], [0, ...  0.167708 00:00:00.100729
6  [[[0, 0], [0, 0], [0, 0], [0, 0], [0, 0], [0, ...  0.167708 00:00:00.100729
9  [[[0, 0], [1, 0], [0, 0], [1, 1], [0, 0], [1, ...  0.167708 00:00:01.035390
7  [[[1, 0], [1, 1], [2, 1], [2, 0], [1, 2], [2, ...  0.166870 00:00:00.100729
8  [[[0, 0], [0, 0], [0, 0], [0, 0], [0, 0], [0, ...  0.166279 00:00:00.100729______________________________________________________

    