The Complete Best Results are saved in 20200407_164630.txt 

    Inputed Truth Table:
------------------------
    inputs
      X    Y   C1   A1   A2   A3
0    0    0    0    1    0    1
1    0    0    1    1    0    1
2    0    1    0    1    0    1
3    0    1    1    1    0    1
4    1    0    0    1    0    1
5    1    0    1    1    0    1
6    1    1    0    1    0    1
7    1    1    1    1    0    1
	outputs
      S   C2    P    G1    G2    G3
0    0    0    0  None  None  None
1    1    0    0  None  None  None
2    1    0    1  None  None  None
3    0    1    1  None  None  None
4    1    0    1  None  None  None
5    0    1    1  None  None  None
6    0    1    0  None  None  None
7    1    1    0  None  None  None

    Configurations:
-------------------
generation size: 4000
chromosome size: 7
crossover probability: 0.6
mutation probability: 0.04
memorised number: 10
alpha: 0.91
betta: 0.03
gamma: 0.03
lambda: 0.03
process time: 100
iterations limit: 400

    Results:
------------
                                              chromosome     value            time
0  [[[0, 0], [0, 0], [0, 0], [0, 0], [0, 0], [0, ...  0.343746 00:00:01.314478
1  [[[2, 0], [1, 1], [1, 2], [1, 0], [2, 1], [2, ...  0.340266 00:00:01.314478
2  [[[2, 1], [1, 1], [1, 0], [2, 0], [2, 2], [1, ...  0.338942 00:00:01.314478
9  [[[2, 1], [1, 1], [1, 0], [2, 0], [2, 2], [1, ...  0.338942 00:01:40.796391
3  [[[0, 0], [1, 0], [1, 2], [0, 0], [0, 0], [1, ...  0.264770 00:00:01.314478
4  [[[2, 0], [1, 0], [1, 2], [2, 2], [2, 1], [1, ...  0.264770 00:00:01.314478
5  [[[1, 2], [2, 0], [2, 1], [2, 2], [1, 0], [1, ...  0.264770 00:00:01.314478
6  [[[0, 0], [0, 0], [0, 0], [0, 0], [0, 0], [0, ...  0.264370 00:00:01.314478
7  [[[0, 0], [1, 0], [0, 0], [0, 0], [1, 1], [1, ...  0.263594 00:00:01.314478
8  [[[1, 0], [2, 0], [2, 1], [1, 2], [2, 2], [1, ...  0.263109 00:00:01.314478______________________________________________________

    