The Complete Best Results are saved in 20200312_142741.txt 

    Inputed Truth Table:
------------------------
    inputs
    X  Y  C1  A1  A2  A3
0  0  0   0   1   0   0
1  0  0   1   1   0   0
2  0  1   0   1   0   0
3  0  1   1   1   0   0
4  1  0   0   1   0   0
5  1  0   1   1   0   0
6  1  1   0   1   0   0
7  1  1   1   1   0   0
	outputs
    S  C2  P    G1    G2    G3
0  0   0  0  None  None  None
1  1   0  0  None  None  None
2  1   0  1  None  None  None
3  0   1  1  None  None  None
4  1   0  1  None  None  None
5  0   1  1  None  None  None
6  0   1  0  None  None  None
7  1   1  0  None  None  None

    Configurations:
-------------------
generation size: 8000
chromosome size: 10
crossover probability: 0.4
mutation probability: 0.08
memorised number: 10
iterations limit: 1000
alpha: 0.91
betta: 0.03
gamma: 0.03
lambda: 0.03
process time: 1200

    Results:
------------
    chromosome #0
[1, 1][1, 0][1, 2][0, 0][0, 0][0, 0]
[0, 0][0, 0][0, 0][0, 0][0, 0][0, 0]
[1, 0][1, 1][2, 1][1, 2][2, 2][2, 0]
[0, 0][0, 0][0, 0][0, 0][0, 0][0, 0]
[0, 0][0, 0][0, 0][0, 0][0, 0][0, 0]
[2, 0][1, 2][2, 1][2, 2][1, 1][1, 0]
[2, 2][1, 2][1, 0][2, 0][2, 1][1, 1]
[0, 0][0, 0][0, 0][0, 0][0, 0][0, 0]
[1, 1][1, 2][2, 1][1, 0][2, 2][2, 0]
[1, 0][1, 1][1, 2][0, 0][0, 0][0, 0]
the fitness function value: 0.489191
the searching time: 00:06:11
______________________________________________________
chromosome #1
[1, 0][0, 0][0, 0][1, 1][1, 2][0, 0]
[2, 2][1, 0][1, 1][1, 2][2, 1][2, 0]
[1, 1][1, 0][1, 2][2, 0][2, 1][2, 2]
[0, 0][0, 0][0, 0][0, 0][0, 0][0, 0]
[2, 1][2, 2][1, 0][1, 1][1, 2][2, 0]
[0, 0][0, 0][0, 0][0, 0][0, 0][0, 0]
[0, 0][0, 0][0, 0][0, 0][0, 0][0, 0]
[0, 0][0, 0][0, 0][0, 0][0, 0][0, 0]
[1, 1][2, 1][2, 2][1, 2][2, 0][1, 0]
[0, 0][1, 0][1, 1][1, 2][0, 0][0, 0]
the fitness function value: 0.489191
the searching time: 00:06:40
______________________________________________________
chromosome #2
[0, 0][0, 0][1, 0][1, 1][1, 2][0, 0]
[1, 0][2, 0][1, 1][2, 2][1, 2][2, 1]
[1, 0][2, 0][1, 2][2, 1][2, 2][1, 1]
[1, 1][1, 0][1, 2][0, 0][0, 0][0, 0]
[1, 0][1, 2][1, 1][2, 0][2, 1][2, 2]
[1, 1][1, 0][2, 1][2, 2][2, 0][1, 2]
[1, 0][1, 1][2, 1][2, 2][1, 2][2, 0]
[0, 0][0, 0][0, 0][0, 0][0, 0][0, 0]
[0, 0][0, 0][0, 0][0, 0][0, 0][0, 0]
[0, 0][1, 2][1, 1][0, 0][0, 0][1, 0]
the fitness function value: 0.488642
the searching time: 00:07:08
______________________________________________________
chromosome #3
[1, 2][2, 0][1, 1][2, 1][2, 2][1, 0]
[0, 0][1, 1][1, 2][0, 0][1, 0][0, 0]
[0, 0][0, 0][0, 0][0, 0][0, 0][0, 0]
[1, 0][1, 2][0, 0][0, 0][1, 1][0, 0]
[0, 0][0, 0][0, 0][0, 0][0, 0][0, 0]
[1, 2][0, 0][0, 0][0, 0][1, 0][1, 1]
[0, 0][0, 0][1, 2][0, 0][1, 1][1, 0]
[1, 0][1, 1][1, 2][2, 1][2, 2][2, 0]
[1, 0][2, 0][2, 1][1, 2][1, 1][2, 2]
[0, 0][0, 0][0, 0][0, 0][0, 0][0, 0]
the fitness function value: 0.489191
the searching time: 00:08:03
______________________________________________________
chromosome #4
[0, 0][0, 0][0, 0][0, 0][0, 0][0, 0]
[2, 0][2, 1][2, 2][1, 0][1, 1][1, 2]
[1, 2][0, 0][0, 0][1, 0][1, 1][0, 0]
[2, 1][1, 0][2, 2][1, 2][2, 0][1, 1]
[1, 0][1, 1][2, 0][1, 2][2, 1][2, 2]
[1, 2][1, 0][1, 1][0, 0][0, 0][0, 0]
[2, 2][2, 0][1, 0][1, 1][2, 1][1, 2]
[1, 0][2, 1][1, 1][1, 2][2, 2][2, 0]
[2, 0][2, 1][2, 2][1, 1][1, 0][1, 2]
[0, 0][0, 0][0, 0][0, 0][0, 0][0, 0]
the fitness function value: 0.488512
the searching time: 00:09:31
______________________________________________________
chromosome #5
[1, 0][2, 0][1, 1][2, 1][1, 2][2, 2]
[2, 0][1, 0][2, 1][1, 2][1, 1][2, 2]
[0, 0][0, 0][1, 0][1, 2][1, 1][0, 0]
[0, 0][0, 0][0, 0][0, 0][0, 0][0, 0]
[0, 0][0, 0][0, 0][0, 0][0, 0][0, 0]
[0, 0][0, 0][0, 0][0, 0][0, 0][0, 0]
[0, 0][0, 0][0, 0][0, 0][0, 0][0, 0]
[1, 1][2, 1][2, 0][1, 0][2, 2][1, 2]
[0, 0][0, 0][0, 0][0, 0][0, 0][0, 0]
[0, 0][0, 0][0, 0][0, 0][0, 0][0, 0]
the fitness function value: 0.490235
the searching time: 00:10:00
______________________________________________________
chromosome #6
[0, 0][0, 0][0, 0][0, 0][0, 0][0, 0]
[2, 0][2, 1][2, 2][1, 0][1, 1][1, 2]
[1, 2][0, 0][0, 0][1, 0][1, 1][0, 0]
[2, 1][1, 0][2, 2][1, 2][2, 0][1, 1]
[1, 0][1, 1][2, 0][1, 2][2, 1][2, 2]
[1, 2][1, 0][1, 1][0, 0][0, 0][0, 0]
[2, 2][2, 0][1, 0][1, 1][2, 1][1, 2]
[1, 0][2, 1][1, 1][1, 2][2, 2][2, 0]
[2, 0][2, 1][2, 2][1, 1][1, 0][1, 2]
[0, 0][0, 0][0, 0][0, 0][0, 0][0, 0]
the fitness function value: 0.488512
the searching time: 00:16:07
______________________________________________________
chromosome #7
[0, 0][0, 0][0, 0][0, 0][0, 0][0, 0]
[2, 0][2, 1][2, 2][1, 0][1, 1][1, 2]
[1, 2][0, 0][0, 0][1, 0][1, 1][0, 0]
[2, 1][1, 0][2, 2][1, 2][2, 0][1, 1]
[1, 0][1, 1][2, 0][1, 2][2, 1][2, 2]
[1, 2][1, 0][1, 1][0, 0][0, 0][0, 0]
[2, 2][2, 0][1, 0][1, 1][2, 1][1, 2]
[1, 0][2, 1][1, 1][1, 2][2, 2][2, 0]
[2, 0][2, 1][2, 2][1, 1][1, 0][1, 2]
[0, 0][0, 0][0, 0][0, 0][0, 0][0, 0]
the fitness function value: 0.488512
the searching time: 00:16:32
______________________________________________________
chromosome #8
[0, 0][0, 0][0, 0][0, 0][0, 0][0, 0]
[2, 0][2, 1][2, 2][1, 0][1, 1][1, 2]
[1, 2][0, 0][0, 0][1, 0][1, 1][0, 0]
[2, 1][1, 0][2, 2][1, 2][2, 0][1, 1]
[1, 0][1, 1][2, 0][1, 2][2, 1][2, 2]
[1, 2][1, 0][1, 1][0, 0][0, 0][0, 0]
[2, 2][2, 0][1, 0][1, 1][2, 1][1, 2]
[1, 0][2, 1][1, 1][1, 2][2, 2][2, 0]
[2, 0][2, 1][2, 2][1, 1][1, 0][1, 2]
[0, 0][0, 0][0, 0][0, 0][0, 0][0, 0]
the fitness function value: 0.488512
the searching time: 00:16:58
______________________________________________________
chromosome #9
[0, 0][0, 0][0, 0][1, 1][1, 0][1, 2]
[2, 2][1, 0][2, 1][1, 1][1, 2][2, 0]
[0, 0][0, 0][0, 0][0, 0][0, 0][0, 0]
[0, 0][1, 0][0, 0][1, 1][0, 0][1, 2]
[1, 0][0, 0][0, 0][1, 1][1, 2][0, 0]
[0, 0][0, 0][0, 0][0, 0][0, 0][0, 0]
[2, 1][1, 0][2, 2][1, 1][2, 0][1, 2]
[0, 0][0, 0][0, 0][0, 0][0, 0][0, 0]
[2, 0][1, 2][2, 2][2, 1][1, 0][1, 1]
[1, 2][2, 0][2, 2][2, 1][1, 0][1, 1]
the fitness function value: 0.488974
the searching time: 00:17:45
______________________________________________________

    