The Complete Best Results are saved in 20200312_100753.txt 

    Inputed Truth Table:
------------------------
    inputs
    X  Y  C1  A1  A2
0  0  0   0   1   0
1  0  0   1   1   0
2  0  1   0   1   0
3  0  1   1   1   0
4  1  0   0   1   0
5  1  0   1   1   0
6  1  1   0   1   0
7  1  1   1   1   0
	outputs
    S  C2  P    G1    G2
0  0   0  0  None  None
1  1   0  0  None  None
2  1   0  1  None  None
3  0   1  1  None  None
4  1   0  1  None  None
5  0   1  1  None  None
6  0   1  0  None  None
7  1   1  0  None  None

    Configurations:
-------------------
generation size: 2000
chromosome size: 7
crossover probability: 0.6
mutation probability: 0.02
memorised number: 10
iterations limit: 1000
alpha: 0.91
betta: 0.03
gamma: 0.03
lambda: 0.03
process time: 600

    Results:
------------
    chromosome #0
[0, 0][0, 0][0, 0][0, 0][0, 0]
[0, 0][0, 0][0, 0][0, 0][0, 0]
[1, 0][0, 0][0, 0][1, 1][1, 2]
[0, 0][0, 0][0, 0][0, 0][0, 0]
[1, 1][1, 0][0, 0][1, 2][0, 0]
[0, 0][0, 0][1, 1][1, 0][1, 2]
[0, 0][0, 0][0, 0][0, 0][0, 0]
the fitness function value: 0.346958
the searching time: 00:00:26
______________________________________________________
chromosome #1
[0, 0][0, 0][0, 0][0, 0][0, 0]
[1, 0][0, 0][0, 0][1, 1][1, 2]
[0, 0][0, 0][0, 0][0, 0][0, 0]
[0, 0][0, 0][0, 0][0, 0][0, 0]
[1, 1][1, 0][0, 0][1, 2][0, 0]
[0, 0][0, 0][1, 1][1, 0][1, 2]
[0, 0][0, 0][0, 0][0, 0][0, 0]
the fitness function value: 0.346958
the searching time: 00:00:27
______________________________________________________
chromosome #2
[0, 0][0, 0][0, 0][0, 0][0, 0]
[0, 0][0, 0][0, 0][0, 0][0, 0]
[1, 0][0, 0][0, 0][1, 1][1, 2]
[0, 0][0, 0][0, 0][0, 0][0, 0]
[1, 1][1, 0][0, 0][1, 2][0, 0]
[0, 0][0, 0][1, 1][1, 0][1, 2]
[0, 0][0, 0][0, 0][0, 0][0, 0]
the fitness function value: 0.346958
the searching time: 00:00:28
______________________________________________________
chromosome #3
[0, 0][0, 0][0, 0][0, 0][0, 0]
[0, 0][0, 0][0, 0][0, 0][0, 0]
[1, 0][0, 0][0, 0][1, 1][1, 2]
[0, 0][0, 0][0, 0][0, 0][0, 0]
[1, 1][1, 0][0, 0][1, 2][0, 0]
[0, 0][0, 0][1, 1][1, 0][1, 2]
[0, 0][0, 0][0, 0][0, 0][0, 0]
the fitness function value: 0.346958
the searching time: 00:00:32
______________________________________________________
chromosome #4
[0, 0][0, 0][0, 0][0, 0][0, 0]
[0, 0][1, 0][0, 0][1, 1][1, 2]
[1, 0][1, 1][0, 0][1, 2][0, 0]
[0, 0][0, 0][0, 0][0, 0][0, 0]
[1, 1][1, 0][1, 2][0, 0][0, 0]
[0, 0][0, 0][0, 0][0, 0][0, 0]
[0, 0][0, 0][0, 0][0, 0][0, 0]
the fitness function value: 0.346958
the searching time: 00:00:44
______________________________________________________
chromosome #5
[0, 0][0, 0][0, 0][0, 0][0, 0]
[0, 0][0, 0][0, 0][0, 0][0, 0]
[0, 0][1, 0][0, 0][1, 2][1, 1]
[0, 0][0, 0][0, 0][0, 0][0, 0]
[0, 0][0, 0][0, 0][0, 0][0, 0]
[1, 0][1, 2][0, 0][1, 1][0, 0]
[0, 0][1, 0][1, 1][0, 0][1, 2]
the fitness function value: 0.346958
the searching time: 00:00:47
______________________________________________________
chromosome #6
[0, 0][0, 0][0, 0][0, 0][0, 0]
[0, 0][0, 0][0, 0][0, 0][0, 0]
[0, 0][0, 0][0, 0][0, 0][0, 0]
[1, 0][0, 0][0, 0][1, 2][1, 1]
[1, 1][1, 0][0, 0][1, 2][0, 0]
[1, 0][1, 1][1, 2][0, 0][0, 0]
[0, 0][0, 0][0, 0][0, 0][0, 0]
the fitness function value: 0.346958
the searching time: 00:01:07
______________________________________________________
chromosome #7
[0, 0][1, 2][0, 0][1, 0][1, 1]
[1, 0][1, 2][0, 0][1, 1][0, 0]
[1, 2][0, 0][0, 0][1, 1][1, 0]
[0, 0][0, 0][1, 1][1, 0][1, 2]
[0, 0][1, 0][1, 1][1, 2][0, 0]
[0, 0][1, 2][0, 0][1, 0][1, 1]
[0, 0][0, 0][1, 1][1, 0][1, 2]
the fitness function value: 0.493779
the searching time: 00:02:42
______________________________________________________
chromosome #8
[1, 0][0, 0][0, 0][1, 1][1, 2]
[1, 2][1, 0][0, 0][1, 1][0, 0]
[0, 0][1, 1][1, 0][1, 2][0, 0]
[1, 0][1, 1][1, 2][0, 0][0, 0]
[1, 0][1, 1][0, 0][0, 0][1, 2]
[0, 0][0, 0][1, 0][1, 1][1, 2]
[0, 0][0, 0][0, 0][0, 0][0, 0]
the fitness function value: 0.49437
the searching time: 00:08:07
______________________________________________________
chromosome #9
[0, 0][1, 2][0, 0][1, 1][1, 0]
[1, 0][1, 2][0, 0][0, 0][1, 1]
[1, 0][0, 0][0, 0][1, 2][1, 1]
[0, 0][1, 1][1, 2][1, 0][0, 0]
[1, 2][0, 0][1, 1][1, 0][0, 0]
[1, 0][0, 0][1, 1][1, 2][0, 0]
[0, 0][1, 1][0, 0][1, 0][1, 2]
the fitness function value: 0.493779
the searching time: 00:09:27
______________________________________________________

    