The Complete Best Results are saved in 20200323_170951.txt 

    Inputed Truth Table:
------------------------
    inputs
    X  Y  C1  A1  A2  A3
0  0  0   0   1   0   1
1  0  0   1   1   0   1
2  0  1   0   1   0   1
3  0  1   1   1   0   1
4  1  0   0   1   0   1
5  1  0   1   1   0   1
6  1  1   0   1   0   1
7  1  1   1   1   0   1
	outputs
    S  C2  P    G1    G2    G3
0  0   0  0  None  None  None
1  1   0  0  None  None  None
2  1   0  1  None  None  None
3  0   1  1  None  None  None
4  1   0  1  None  None  None
5  0   1  1  None  None  None
6  0   1  0  None  None  None
7  1   1  0  None  None  None

    Configurations:
-------------------
generation size: 200
chromosome size: 5
crossover probability: 0.6
mutation probability: 0.04
memorised number: 20
alpha: 0.91
betta: 0.03
gamma: 0.03
lambda: 0.03
process time: 60
iterations limit: 200

    Results:
------------
    chromosome #0
[0, 0][0, 0][1, 2][1, 1][0, 0][1, 0]
[1, 0][0, 0][0, 0][0, 0][1, 2][1, 1]
[0, 0][1, 0][0, 0][0, 0][1, 2][1, 1]
[1, 2][0, 0][0, 0][1, 1][1, 0][0, 0]
[1, 0][2, 1][1, 1][1, 2][2, 0][2, 2]
the fitness function value: 0.341633
the searching time: 00:00:27
______________________________________________________
chromosome #1
[2, 0][1, 0][2, 2][2, 1][1, 1][1, 2]
[1, 0][2, 0][2, 1][1, 2][2, 2][1, 1]
[0, 0][0, 0][0, 0][0, 0][0, 0][0, 0]
[0, 0][0, 0][1, 2][0, 0][1, 0][1, 1]
[0, 0][0, 0][0, 0][0, 0][0, 0][0, 0]
the fitness function value: 0.221138
the searching time: 00:00:33
______________________________________________________
chromosome #2
[0, 0][1, 1][1, 0][0, 0][1, 2][0, 0]
[0, 0][0, 0][0, 0][0, 0][0, 0][0, 0]
[0, 0][1, 1][0, 0][0, 0][1, 2][1, 0]
[2, 0][2, 2][1, 2][2, 1][1, 0][1, 1]
[1, 1][1, 0][1, 2][2, 0][2, 2][2, 1]
the fitness function value: 0.265799
the searching time: 00:00:37
______________________________________________________
chromosome #3
[1, 2][0, 0][0, 0][0, 0][1, 0][1, 1]
[1, 0][2, 0][2, 2][1, 2][1, 1][2, 1]
[2, 0][2, 1][1, 1][2, 2][1, 0][1, 2]
[0, 0][0, 0][0, 0][0, 0][0, 0][0, 0]
[2, 2][1, 1][1, 2][1, 0][2, 0][2, 1]
the fitness function value: 0.265208
the searching time: 00:00:41
______________________________________________________
chromosome #4
[1, 0][2, 1][1, 2][2, 2][1, 1][2, 0]
[0, 0][0, 0][0, 0][0, 0][0, 0][0, 0]
[2, 1][1, 2][2, 2][1, 1][1, 0][2, 0]
[2, 1][2, 2][2, 0][1, 0][1, 1][1, 2]
[1, 0][2, 1][2, 2][1, 2][2, 0][1, 1]
the fitness function value: 0.26477
the searching time: 00:00:52
______________________________________________________
chromosome #5
[0, 0][0, 0][0, 0][0, 0][0, 0][0, 0]
[1, 0][2, 0][2, 2][1, 2][1, 1][2, 1]
[2, 0][2, 1][1, 1][2, 2][1, 0][1, 2]
[1, 1][1, 2][0, 0][1, 0][0, 0][0, 0]
[0, 0][0, 0][0, 0][0, 0][0, 0][0, 0]
the fitness function value: 0.221138
the searching time: 00:00:54
______________________________________________________
chromosome #6
[2, 0][1, 0][2, 2][2, 1][1, 1][1, 2]
[1, 0][2, 0][2, 1][1, 2][2, 2][1, 1]
[2, 0][2, 1][1, 1][2, 2][1, 0][1, 2]
[0, 0][0, 0][1, 0][1, 1][1, 2][0, 0]
[0, 0][0, 0][0, 0][0, 0][0, 0][0, 0]
the fitness function value: 0.265208
the searching time: 00:00:56
______________________________________________________
chromosome #7
[1, 0][1, 1][1, 2][2, 0][2, 1][2, 2]
[1, 0][1, 1][2, 0][2, 2][1, 2][2, 1]
[1, 1][1, 2][0, 0][0, 0][0, 0][1, 0]
[0, 0][1, 0][1, 1][1, 2][0, 0][0, 0]
[2, 0][2, 2][2, 1][1, 2][1, 1][1, 0]
the fitness function value: 0.26477
the searching time: 00:00:57
______________________________________________________
chromosome #8
[0, 0][0, 0][1, 2][1, 1][0, 0][1, 0]
[1, 0][0, 0][0, 0][0, 0][1, 2][1, 1]
[0, 0][1, 0][0, 0][0, 0][1, 2][1, 1]
[1, 2][0, 0][0, 0][1, 1][1, 0][0, 0]
[2, 2][1, 1][1, 2][1, 0][2, 0][2, 1]
the fitness function value: 0.220299
the searching time: 00:00:57
______________________________________________________
chromosome #9
[0, 0][0, 0][1, 2][1, 1][0, 0][1, 0]
[1, 0][0, 0][0, 0][0, 0][1, 2][1, 1]
[0, 0][1, 0][0, 0][0, 0][1, 2][1, 1]
[1, 2][0, 0][0, 0][1, 1][1, 0][0, 0]
[1, 0][2, 1][1, 1][1, 2][2, 0][2, 2]
the fitness function value: 0.341633
the searching time: 00:00:58
______________________________________________________
chromosome #10
[2, 0][1, 0][2, 2][2, 1][1, 1][1, 2]
[1, 0][0, 0][0, 0][0, 0][1, 2][1, 1]
[2, 0][2, 1][1, 1][2, 2][1, 0][1, 2]
[0, 0][0, 0][1, 2][1, 1][0, 0][1, 0]
[0, 0][0, 0][0, 0][0, 0][0, 0][0, 0]
the fitness function value: 0.220299
the searching time: 00:01:02
______________________________________________________
chromosome #11
[0, 0][0, 0][1, 2][1, 1][0, 0][1, 0]
[1, 0][0, 0][0, 0][0, 0][1, 2][1, 1]
[0, 0][1, 0][0, 0][0, 0][1, 2][1, 1]
[1, 2][0, 0][0, 0][1, 1][1, 0][0, 0]
[1, 0][2, 1][1, 1][1, 2][2, 0][2, 2]
the fitness function value: 0.341633
the searching time: 00:01:03
______________________________________________________
chromosome #12
[0, 0][1, 1][1, 0][0, 0][1, 2][0, 0]
[1, 0][2, 0][2, 1][1, 2][1, 1][2, 2]
[0, 0][1, 1][1, 2][1, 0][0, 0][0, 0]
[1, 2][0, 0][1, 0][1, 1][0, 0][0, 0]
[1, 0][0, 0][0, 0][1, 1][1, 2][0, 0]
the fitness function value: 0.220299
the searching time: 00:01:03
______________________________________________________
chromosome #13
[0, 0][0, 0][1, 2][1, 1][0, 0][1, 0]
[1, 0][0, 0][0, 0][0, 0][1, 2][1, 1]
[0, 0][1, 0][0, 0][0, 0][1, 2][1, 1]
[1, 2][0, 0][0, 0][1, 1][1, 0][0, 0]
[1, 0][2, 1][1, 1][1, 2][2, 0][2, 2]
the fitness function value: 0.341633
the searching time: 00:01:04
______________________________________________________
chromosome #14
[0, 0][1, 1][1, 2][0, 0][1, 0][0, 0]
[1, 0][2, 0][2, 2][1, 2][1, 1][2, 1]
[1, 1][1, 2][2, 1][2, 0][2, 2][1, 0]
[1, 0][1, 1][0, 0][1, 2][0, 0][0, 0]
[1, 0][0, 0][0, 0][1, 1][1, 2][0, 0]
the fitness function value: 0.265208
the searching time: 00:01:04
______________________________________________________
chromosome #15
[2, 0][1, 0][2, 2][2, 1][1, 1][1, 2]
[1, 0][2, 0][2, 1][1, 2][2, 2][1, 1]
[0, 0][0, 0][0, 0][0, 0][0, 0][0, 0]
[0, 0][0, 0][1, 2][0, 0][1, 0][1, 1]
[0, 0][0, 0][0, 0][0, 0][0, 0][0, 0]
the fitness function value: 0.221138
the searching time: 00:01:07
______________________________________________________
chromosome #16
[0, 0][0, 0][0, 0][0, 0][0, 0][0, 0]
[1, 0][2, 0][2, 2][1, 2][1, 1][2, 1]
[2, 0][2, 1][1, 1][2, 2][1, 0][1, 2]
[0, 0][0, 0][0, 0][0, 0][0, 0][0, 0]
[2, 2][1, 1][1, 2][1, 0][2, 0][2, 1]
the fitness function value: 0.265799
the searching time: 00:01:08
______________________________________________________
chromosome #17
[1, 2][0, 0][0, 0][0, 0][1, 0][1, 1]
[1, 0][2, 0][2, 2][1, 2][1, 1][2, 1]
[2, 0][2, 1][1, 1][2, 2][1, 0][1, 2]
[0, 0][0, 0][0, 0][0, 0][0, 0][0, 0]
[2, 2][1, 1][1, 2][1, 0][2, 0][2, 1]
the fitness function value: 0.265208
the searching time: 00:01:08
______________________________________________________
chromosome #18
[0, 0][0, 0][1, 2][1, 1][0, 0][1, 0]
[1, 0][0, 0][0, 0][0, 0][1, 2][1, 1]
[0, 0][1, 0][0, 0][0, 0][1, 2][1, 1]
[1, 2][0, 0][0, 0][1, 1][1, 0][0, 0]
[1, 0][2, 1][1, 1][1, 2][2, 0][2, 2]
the fitness function value: 0.341633
the searching time: 00:01:09
______________________________________________________
chromosome #19
[0, 0][0, 0][1, 2][1, 1][0, 0][1, 0]
[1, 0][0, 0][0, 0][0, 0][1, 2][1, 1]
[0, 0][1, 0][0, 0][0, 0][1, 2][1, 1]
[1, 2][0, 0][0, 0][1, 1][1, 0][0, 0]
[1, 0][2, 1][1, 1][1, 2][2, 0][2, 2]
the fitness function value: 0.341633
the searching time: 00:01:11
______________________________________________________

    