The Complete Best Results are saved in 20200406_175605.txt 

    Inputed Truth Table:
------------------------
    inputs
      X    Y   C1   A1   A2   A3
0    0    0    0    1    0    1
1    0    0    1    1    0    1
2    0    1    0    1    0    1
3    0    1    1    1    0    1
4    1    0    0    1    0    1
5    1    0    1    1    0    1
6    1    1    0    1    0    1
7    1    1    1    1    0    1
	outputs
      S   C2    P    G1    G2    G3
0    0    0    0  None  None  None
1    1    0    0  None  None  None
2    1    0    1  None  None  None
3    0    1    1  None  None  None
4    1    0    1  None  None  None
5    0    1    1  None  None  None
6    0    1    0  None  None  None
7    1    1    0  None  None  None

    Configurations:
-------------------
generation size: 100
chromosome size: 7
crossover probability: 0.6
mutation probability: 0.04
memorised number: 10
alpha: 0.91
betta: 0.03
gamma: 0.03
lambda: 0.03
process time: 1
iterations limit: 400

    Results:
------------
                                              chromosome     value            time
0  [[[0, 0], [1, 1], [0, 0], [1, 0], [1, 2], [0, ...  0.218432 00:00:00.102405
1  [[[0, 0], [1, 0], [1, 1], [0, 0], [1, 2], [0, ...  0.195496 00:00:00.102405
2  [[[1, 0], [1, 2], [2, 0], [1, 1], [2, 1], [2, ...  0.194221 00:00:00.102405
3  [[[0, 0], [0, 0], [0, 0], [0, 0], [0, 0], [0, ...  0.190650 00:00:00.102405
4  [[[0, 0], [0, 0], [0, 0], [0, 0], [0, 0], [0, ...  0.188937 00:00:00.102405
5  [[[1, 1], [1, 2], [2, 0], [2, 1], [2, 2], [1, ...  0.188937 00:00:00.102405
6  [[[1, 2], [1, 0], [0, 0], [0, 0], [1, 1], [0, ...  0.188937 00:00:00.102405
9  [[[1, 2], [1, 0], [0, 0], [0, 0], [1, 1], [0, ...  0.188937 00:00:01.083567
7  [[[0, 0], [0, 0], [0, 0], [0, 0], [0, 0], [0, ...  0.188099 00:00:00.102405
8  [[[1, 0], [1, 1], [0, 0], [1, 2], [0, 0], [0, ...  0.187170 00:00:00.102405______________________________________________________

    