The Complete Best Results are saved in 20200407_163510.txt 

    Inputed Truth Table:
------------------------
    inputs
      X    Y   C1   A1   A2   A3
0    0    0    0    1    0    1
1    0    0    1    1    0    1
2    0    1    0    1    0    1
3    0    1    1    1    0    1
4    1    0    0    1    0    1
5    1    0    1    1    0    1
6    1    1    0    1    0    1
7    1    1    1    1    0    1
	outputs
      S   C2    P    G1    G2    G3
0    0    0    0  None  None  None
1    1    0    0  None  None  None
2    1    0    1  None  None  None
3    0    1    1  None  None  None
4    1    0    1  None  None  None
5    0    1    1  None  None  None
6    0    1    0  None  None  None
7    1    1    0  None  None  None

    Configurations:
-------------------
generation size: 100
chromosome size: 7
crossover probability: 0.6
mutation probability: 0.04
memorised number: 10
alpha: 0.91
betta: 0.03
gamma: 0.03
lambda: 0.03
process time: 100
iterations limit: 400

    Results:
------------
                                              chromosome     value            time
0  [[[0, 0], [0, 0], [0, 0], [0, 0], [0, 0], [0, ...  0.223716 00:00:00.148592
1  [[[2, 2], [1, 0], [1, 1], [2, 0], [2, 1], [1, ...  0.217235 00:00:00.148592
9  [[[2, 2], [1, 0], [1, 1], [2, 0], [2, 1], [1, ...  0.217235 00:01:14.128180
2  [[[0, 0], [0, 0], [0, 0], [0, 0], [0, 0], [0, ...  0.197637 00:00:00.148592
3  [[[1, 1], [0, 0], [1, 0], [0, 0], [0, 0], [1, ...  0.192079 00:00:00.148592
4  [[[0, 0], [1, 0], [1, 2], [1, 1], [0, 0], [0, ...  0.189966 00:00:00.148592
5  [[[1, 1], [1, 2], [0, 0], [0, 0], [0, 0], [1, ...  0.187761 00:00:00.148592
6  [[[1, 0], [1, 2], [0, 0], [0, 0], [1, 1], [0, ...  0.186902 00:00:00.148592
7  [[[2, 1], [1, 0], [1, 1], [1, 2], [2, 2], [2, ...  0.186352 00:00:00.148592
8  [[[0, 0], [0, 0], [0, 0], [0, 0], [0, 0], [0, ...  0.173829 00:00:00.148592______________________________________________________

    