The Complete Best Results are saved in 20200320_234415.txt 

    Inputed Truth Table:
------------------------
    inputs
    X  Y  C1  A1  A2  A3
0  0  0   0   1   0   1
1  0  0   1   1   0   1
2  0  1   0   1   0   1
3  0  1   1   1   0   1
4  1  0   0   1   0   1
5  1  0   1   1   0   1
6  1  1   0   1   0   1
7  1  1   1   1   0   1
	outputs
    S  C2  P    G1    G2    G3
0  0   0  0  None  None  None
1  1   0  0  None  None  None
2  1   0  1  None  None  None
3  0   1  1  None  None  None
4  1   0  1  None  None  None
5  0   1  1  None  None  None
6  0   1  0  None  None  None
7  1   1  0  None  None  None

    Configurations:
-------------------
generation size: 100
chromosome size: 7
crossover probability: 0.6
mutation probability: 0.04
memorised number: 100
alpha: 0.91
betta: 0.03
gamma: 0.03
lambda: 0.03
process time: 720
iterations limit: 1200

    Results:
------------
    chromosome #0
[0, 0][0, 0][0, 0][0, 0][0, 0][0, 0]
[2, 0][2, 1][2, 2][1, 1][1, 2][1, 0]
[1, 0][1, 2][2, 1][2, 0][2, 2][1, 1]
[1, 2][0, 0][0, 0][0, 0][1, 1][1, 0]
[1, 1][0, 0][1, 0][1, 2][0, 0][0, 0]
[2, 1][2, 2][1, 2][1, 0][2, 0][1, 1]
[0, 0][1, 0][1, 1][0, 0][1, 2][0, 0]
the fitness function value: 0.263003
the searching time: 00:00:00
______________________________________________________
chromosome #1
[1, 1][2, 0][1, 2][1, 0][2, 1][2, 2]
[2, 2][1, 2][2, 0][1, 0][2, 1][1, 1]
[1, 2][1, 0][2, 0][2, 1][2, 2][1, 1]
[2, 0][1, 1][2, 1][1, 0][2, 2][1, 2]
[1, 0][0, 0][1, 1][0, 0][1, 2][0, 0]
[0, 0][0, 0][1, 1][0, 0][1, 0][1, 2]
[0, 0][0, 0][0, 0][0, 0][0, 0][0, 0]
the fitness function value: 0.217235
the searching time: 00:00:00
______________________________________________________
chromosome #2
[0, 0][0, 0][0, 0][0, 0][0, 0][0, 0]
[0, 0][0, 0][0, 0][0, 0][0, 0][0, 0]
[2, 1][2, 2][1, 0][1, 1][1, 2][2, 0]
[2, 0][1, 2][1, 0][2, 1][2, 2][1, 1]
[0, 0][0, 0][0, 0][0, 0][0, 0][0, 0]
[2, 2][1, 0][2, 1][1, 1][1, 2][2, 0]
[0, 0][0, 0][0, 0][0, 0][0, 0][0, 0]
the fitness function value: 0.188537
the searching time: 00:00:00
______________________________________________________
chromosome #3
[1, 1][0, 0][1, 2][0, 0][0, 0][1, 0]
[1, 2][1, 0][2, 0][2, 1][2, 2][1, 1]
[0, 0][0, 0][0, 0][0, 0][0, 0][0, 0]
[0, 0][0, 0][0, 0][0, 0][0, 0][0, 0]
[2, 2][1, 0][1, 1][1, 2][2, 0][2, 1]
[0, 0][1, 1][1, 0][0, 0][1, 2][0, 0]
[1, 0][0, 0][1, 1][0, 0][1, 2][0, 0]
the fitness function value: 0.187946
the searching time: 00:00:00
______________________________________________________
chromosome #4
[0, 0][0, 0][0, 0][0, 0][0, 0][0, 0]
[2, 2][1, 0][2, 1][1, 1][1, 2][2, 0]
[1, 0][2, 0][2, 2][1, 2][1, 1][2, 1]
[0, 0][1, 2][1, 0][1, 1][0, 0][0, 0]
[1, 0][1, 1][2, 0][2, 1][2, 2][1, 2]
[0, 0][0, 0][0, 0][1, 2][1, 1][1, 0]
[0, 0][0, 0][0, 0][0, 0][0, 0][0, 0]
the fitness function value: 0.187508
the searching time: 00:00:00
______________________________________________________
chromosome #5
[2, 0][2, 1][2, 2][1, 2][1, 1][1, 0]
[1, 2][0, 0][0, 0][1, 1][0, 0][1, 0]
[0, 0][0, 0][0, 0][0, 0][0, 0][0, 0]
[1, 0][1, 1][2, 1][1, 2][2, 0][2, 2]
[0, 0][1, 0][1, 2][1, 1][0, 0][0, 0]
[2, 2][1, 2][2, 0][1, 1][2, 1][1, 0]
[1, 2][0, 0][1, 1][0, 0][1, 0][0, 0]
the fitness function value: 0.18717
the searching time: 00:00:00
______________________________________________________
chromosome #6
[1, 0][0, 0][0, 0][1, 1][1, 2][0, 0]
[1, 0][2, 0][2, 2][1, 1][2, 1][1, 2]
[0, 0][0, 0][0, 0][0, 0][0, 0][0, 0]
[2, 2][1, 2][1, 0][1, 1][2, 1][2, 0]
[1, 1][2, 2][1, 2][2, 1][2, 0][1, 0]
[1, 0][2, 2][1, 1][1, 2][2, 0][2, 1]
[0, 0][0, 0][0, 0][0, 0][0, 0][0, 0]
the fitness function value: 0.18717
the searching time: 00:00:00
______________________________________________________
chromosome #7
[1, 1][0, 0][0, 0][0, 0][1, 2][1, 0]
[2, 1][2, 2][1, 0][1, 2][1, 1][2, 0]
[1, 2][0, 0][0, 0][0, 0][1, 0][1, 1]
[0, 0][0, 0][0, 0][0, 0][0, 0][0, 0]
[2, 0][1, 1][2, 1][2, 2][1, 2][1, 0]
[1, 1][1, 2][2, 0][2, 1][1, 0][2, 2]
[1, 2][2, 0][2, 1][1, 0][2, 2][1, 1]
the fitness function value: 0.186902
the searching time: 00:00:00
______________________________________________________
chromosome #8
[1, 0][1, 2][2, 1][1, 1][2, 0][2, 2]
[2, 1][1, 2][1, 0][2, 0][2, 2][1, 1]
[0, 0][0, 0][1, 2][0, 0][1, 0][1, 1]
[1, 0][2, 0][1, 1][2, 1][2, 2][1, 2]
[1, 0][0, 0][1, 2][0, 0][0, 0][1, 1]
[1, 2][1, 1][2, 0][1, 0][2, 1][2, 2]
[0, 0][0, 0][0, 0][0, 0][0, 0][0, 0]
the fitness function value: 0.186902
the searching time: 00:00:00
______________________________________________________
chromosome #9
[0, 0][0, 0][0, 0][0, 0][0, 0][0, 0]
[0, 0][0, 0][0, 0][0, 0][0, 0][0, 0]
[0, 0][1, 0][1, 1][1, 2][0, 0][0, 0]
[1, 2][2, 1][2, 2][1, 1][1, 0][2, 0]
[0, 0][0, 0][0, 0][0, 0][0, 0][0, 0]
[1, 0][0, 0][1, 1][1, 2][0, 0][0, 0]
[1, 2][1, 0][0, 0][0, 0][0, 0][1, 1]
the fitness function value: 0.167708
the searching time: 00:00:00
______________________________________________________
chromosome #10
[0, 0][0, 0][0, 0][0, 0][0, 0][0, 0]
[1, 0][1, 1][2, 2][2, 0][1, 2][2, 1]
[0, 0][0, 0][0, 0][0, 0][0, 0][0, 0]
[0, 0][0, 0][1, 1][0, 0][1, 2][1, 0]
[0, 0][0, 0][0, 0][0, 0][0, 0][0, 0]
[2, 0][2, 1][1, 1][2, 2][1, 0][1, 2]
[0, 0][1, 0][1, 2][1, 1][0, 0][0, 0]
the fitness function value: 0.16687
the searching time: 00:00:00
______________________________________________________
chromosome #11
[1, 2][2, 0][1, 0][2, 2][1, 1][2, 1]
[0, 0][0, 0][0, 0][0, 0][0, 0][0, 0]
[0, 0][0, 0][0, 0][0, 0][0, 0][0, 0]
[1, 2][0, 0][0, 0][0, 0][1, 0][1, 1]
[2, 0][1, 0][2, 1][2, 2][1, 2][1, 1]
[0, 0][0, 0][0, 0][1, 0][1, 1][1, 2]
[0, 0][0, 0][0, 0][0, 0][0, 0][0, 0]
the fitness function value: 0.16687
the searching time: 00:00:00
______________________________________________________
chromosome #12
[0, 0][0, 0][1, 1][1, 2][1, 0][0, 0]
[0, 0][0, 0][0, 0][0, 0][0, 0][0, 0]
[0, 0][0, 0][0, 0][0, 0][0, 0][0, 0]
[1, 0][1, 2][0, 0][1, 1][0, 0][0, 0]
[1, 2][2, 1][1, 1][2, 2][1, 0][2, 0]
[0, 0][0, 0][1, 0][0, 0][1, 2][1, 1]
[2, 0][1, 0][2, 1][2, 2][1, 1][1, 2]
the fitness function value: 0.166279
the searching time: 00:00:00
______________________________________________________
chromosome #13
[0, 0][0, 0][0, 0][0, 0][0, 0][0, 0]
[1, 0][2, 2][1, 2][1, 1][2, 0][2, 1]
[0, 0][1, 1][1, 2][1, 0][0, 0][0, 0]
[0, 0][0, 0][0, 0][0, 0][0, 0][0, 0]
[1, 1][1, 0][1, 2][2, 2][2, 1][2, 0]
[0, 0][0, 0][0, 0][0, 0][0, 0][0, 0]
[2, 0][1, 1][2, 1][1, 2][2, 2][1, 0]
the fitness function value: 0.166279
the searching time: 00:00:00
______________________________________________________
chromosome #14
[2, 2][1, 1][1, 0][1, 2][2, 0][2, 1]
[0, 0][0, 0][0, 0][0, 0][0, 0][0, 0]
[2, 0][2, 1][2, 2][1, 1][1, 0][1, 2]
[0, 0][0, 0][0, 0][0, 0][0, 0][0, 0]
[0, 0][1, 1][0, 0][0, 0][1, 2][1, 0]
[1, 0][1, 2][0, 0][0, 0][0, 0][1, 1]
[0, 0][0, 0][0, 0][1, 0][1, 1][1, 2]
the fitness function value: 0.166279
the searching time: 00:00:00
______________________________________________________
chromosome #15
[0, 0][0, 0][0, 0][0, 0][0, 0][0, 0]
[1, 1][2, 0][1, 0][2, 1][2, 2][1, 2]
[1, 1][0, 0][0, 0][1, 0][0, 0][1, 2]
[0, 0][0, 0][0, 0][0, 0][0, 0][0, 0]
[0, 0][1, 2][0, 0][0, 0][1, 1][1, 0]
[2, 0][2, 2][1, 2][2, 1][1, 1][1, 0]
[1, 0][1, 1][1, 2][2, 0][2, 2][2, 1]
the fitness function value: 0.165841
the searching time: 00:00:00
______________________________________________________
chromosome #16
[0, 0][1, 0][1, 2][0, 0][1, 1][0, 0]
[2, 2][1, 1][2, 1][1, 0][1, 2][2, 0]
[0, 0][0, 0][0, 0][0, 0][0, 0][0, 0]
[0, 0][1, 1][0, 0][1, 2][0, 0][1, 0]
[1, 0][1, 1][0, 0][0, 0][0, 0][1, 2]
[1, 1][0, 0][1, 0][1, 2][0, 0][0, 0]
[1, 1][1, 2][2, 1][2, 0][1, 0][2, 2]
the fitness function value: 0.165841
the searching time: 00:00:00
______________________________________________________
chromosome #17
[1, 2][2, 0][2, 2][1, 0][2, 1][1, 1]
[2, 1][2, 2][1, 2][2, 0][1, 0][1, 1]
[0, 0][0, 0][1, 1][1, 0][1, 2][0, 0]
[1, 1][0, 0][0, 0][0, 0][1, 2][1, 0]
[1, 1][0, 0][1, 2][0, 0][0, 0][1, 0]
[0, 0][0, 0][0, 0][0, 0][0, 0][0, 0]
[1, 0][1, 2][0, 0][0, 0][0, 0][1, 1]
the fitness function value: 0.165841
the searching time: 00:00:00
______________________________________________________
chromosome #18
[0, 0][0, 0][0, 0][0, 0][0, 0][0, 0]
[2, 0][2, 1][1, 0][2, 2][1, 1][1, 2]
[0, 0][1, 2][0, 0][0, 0][1, 1][1, 0]
[0, 0][0, 0][0, 0][0, 0][0, 0][0, 0]
[1, 0][1, 1][1, 2][2, 1][2, 2][2, 0]
[1, 1][1, 2][2, 0][2, 1][2, 2][1, 0]
[1, 2][1, 1][2, 2][1, 0][2, 0][2, 1]
the fitness function value: 0.165503
the searching time: 00:00:00
______________________________________________________
chromosome #19
[0, 0][0, 0][1, 1][1, 0][1, 2][0, 0]
[2, 2][1, 0][1, 1][1, 2][2, 0][2, 1]
[1, 2][1, 0][2, 0][2, 1][2, 2][1, 1]
[0, 0][0, 0][0, 0][0, 0][0, 0][0, 0]
[2, 2][1, 0][1, 2][2, 0][1, 1][2, 1]
[0, 0][0, 0][0, 0][0, 0][0, 0][0, 0]
[1, 1][1, 0][1, 2][2, 0][2, 1][2, 2]
the fitness function value: 0.165503
the searching time: 00:00:00
______________________________________________________
chromosome #20
[1, 1][1, 2][2, 1][2, 2][1, 0][2, 0]
[1, 0][1, 1][1, 2][0, 0][0, 0][0, 0]
[1, 2][2, 1][2, 0][2, 2][1, 0][1, 1]
[1, 1][1, 2][0, 0][1, 0][0, 0][0, 0]
[1, 1][1, 2][2, 0][2, 1][2, 2][1, 0]
[2, 1][2, 2][1, 0][1, 1][1, 2][2, 0]
[0, 0][0, 0][0, 0][0, 0][0, 0][0, 0]
the fitness function value: 0.165235
the searching time: 00:00:00
______________________________________________________
chromosome #21
[0, 0][0, 0][0, 0][0, 0][0, 0][0, 0]
[0, 0][0, 0][0, 0][0, 0][0, 0][0, 0]
[0, 0][0, 0][0, 0][0, 0][0, 0][0, 0]
[1, 0][2, 1][2, 2][1, 2][2, 0][1, 1]
[0, 0][0, 0][0, 0][0, 0][0, 0][0, 0]
[1, 0][0, 0][1, 1][1, 2][0, 0][0, 0]
[0, 0][1, 0][1, 2][0, 0][1, 1][0, 0]
the fitness function value: 0.152733
the searching time: 00:00:00
______________________________________________________
chromosome #22
[0, 0][0, 0][0, 0][0, 0][0, 0][0, 0]
[2, 0][2, 2][1, 2][1, 0][1, 1][2, 1]
[0, 0][0, 0][0, 0][0, 0][0, 0][0, 0]
[0, 0][0, 0][1, 1][0, 0][1, 2][1, 0]
[0, 0][0, 0][0, 0][0, 0][0, 0][0, 0]
[0, 0][0, 0][0, 0][0, 0][0, 0][0, 0]
[0, 0][1, 0][1, 1][1, 2][0, 0][0, 0]
the fitness function value: 0.152733
the searching time: 00:00:00
______________________________________________________
chromosome #23
[0, 0][0, 0][0, 0][0, 0][0, 0][0, 0]
[0, 0][0, 0][0, 0][0, 0][0, 0][0, 0]
[2, 1][2, 2][1, 0][1, 1][1, 2][2, 0]
[2, 0][1, 2][1, 0][2, 1][2, 2][1, 1]
[0, 0][0, 0][0, 0][0, 0][0, 0][0, 0]
[2, 2][1, 0][2, 1][1, 1][1, 2][2, 0]
[0, 0][0, 0][0, 0][0, 0][0, 0][0, 0]
the fitness function value: 0.188537
the searching time: 00:00:07
______________________________________________________
chromosome #24
[1, 1][0, 0][1, 2][0, 0][0, 0][1, 0]
[1, 2][1, 0][2, 0][2, 1][2, 2][1, 1]
[0, 0][0, 0][0, 0][0, 0][0, 0][0, 0]
[0, 0][0, 0][0, 0][0, 0][0, 0][0, 0]
[2, 2][1, 0][1, 1][1, 2][2, 0][2, 1]
[0, 0][1, 1][1, 0][0, 0][1, 2][0, 0]
[1, 0][0, 0][1, 1][0, 0][1, 2][0, 0]
the fitness function value: 0.187946
the searching time: 00:00:07
______________________________________________________
chromosome #25
[0, 0][0, 0][0, 0][0, 0][0, 0][0, 0]
[2, 2][1, 0][2, 1][1, 1][1, 2][2, 0]
[1, 0][2, 0][2, 2][1, 2][1, 1][2, 1]
[0, 0][1, 2][1, 0][1, 1][0, 0][0, 0]
[1, 0][1, 1][2, 0][2, 1][2, 2][1, 2]
[0, 0][0, 0][0, 0][1, 2][1, 1][1, 0]
[0, 0][0, 0][0, 0][0, 0][0, 0][0, 0]
the fitness function value: 0.187508
the searching time: 00:00:07
______________________________________________________
chromosome #26
[2, 0][2, 1][2, 2][1, 2][1, 1][1, 0]
[1, 2][0, 0][0, 0][1, 1][0, 0][1, 0]
[0, 0][0, 0][0, 0][0, 0][0, 0][0, 0]
[1, 0][1, 1][2, 1][1, 2][2, 0][2, 2]
[0, 0][1, 0][1, 2][1, 1][0, 0][0, 0]
[2, 2][1, 2][2, 0][1, 1][2, 1][1, 0]
[1, 2][0, 0][1, 1][0, 0][1, 0][0, 0]
the fitness function value: 0.18717
the searching time: 00:00:07
______________________________________________________
chromosome #27
[1, 0][2, 0][2, 2][1, 2][2, 1][1, 1]
[0, 0][0, 0][0, 0][0, 0][0, 0][0, 0]
[1, 0][1, 2][0, 0][0, 0][0, 0][1, 1]
[1, 0][1, 1][1, 2][2, 0][2, 1][2, 2]
[2, 0][2, 1][1, 2][2, 2][1, 0][1, 1]
[1, 1][2, 1][2, 2][1, 0][2, 0][1, 2]
[0, 0][0, 0][0, 0][0, 0][0, 0][0, 0]
the fitness function value: 0.18717
the searching time: 00:00:07
______________________________________________________
chromosome #28
[1, 1][1, 2][2, 1][2, 2][1, 0][2, 0]
[1, 0][1, 1][1, 2][0, 0][0, 0][0, 0]
[1, 2][2, 1][2, 0][2, 2][1, 0][1, 1]
[1, 2][0, 0][1, 0][0, 0][0, 0][1, 1]
[1, 0][1, 2][0, 0][0, 0][0, 0][1, 1]
[1, 1][2, 1][1, 0][2, 0][1, 2][2, 2]
[1, 2][1, 1][0, 0][0, 0][0, 0][1, 0]
the fitness function value: 0.186902
the searching time: 00:00:07
______________________________________________________
chromosome #29
[0, 0][0, 0][0, 0][0, 0][0, 0][0, 0]
[1, 1][1, 2][2, 2][2, 0][2, 1][1, 0]
[2, 1][1, 1][2, 0][1, 2][1, 0][2, 2]
[1, 2][2, 0][2, 1][2, 2][1, 0][1, 1]
[2, 1][1, 0][2, 0][2, 2][1, 1][1, 2]
[1, 0][1, 1][1, 2][2, 0][2, 1][2, 2]
[1, 2][1, 1][2, 2][1, 0][2, 0][2, 1]
the fitness function value: 0.186504
the searching time: 00:00:07
______________________________________________________
chromosome #30
[0, 0][0, 0][0, 0][0, 0][0, 0][0, 0]
[0, 0][0, 0][0, 0][0, 0][0, 0][0, 0]
[0, 0][1, 0][1, 1][1, 2][0, 0][0, 0]
[1, 2][2, 1][2, 2][1, 1][1, 0][2, 0]
[0, 0][0, 0][0, 0][0, 0][0, 0][0, 0]
[1, 0][0, 0][1, 1][1, 2][0, 0][0, 0]
[0, 0][0, 0][0, 0][0, 0][0, 0][0, 0]
the fitness function value: 0.168983
the searching time: 00:00:07
______________________________________________________
chromosome #31
[0, 0][0, 0][0, 0][0, 0][0, 0][0, 0]
[1, 0][1, 1][2, 2][2, 0][1, 2][2, 1]
[0, 0][0, 0][0, 0][0, 0][0, 0][0, 0]
[0, 0][0, 0][1, 1][0, 0][1, 2][1, 0]
[0, 0][0, 0][0, 0][0, 0][0, 0][0, 0]
[2, 0][2, 1][1, 1][2, 2][1, 0][1, 2]
[0, 0][1, 0][1, 2][1, 1][0, 0][0, 0]
the fitness function value: 0.16687
the searching time: 00:00:07
______________________________________________________
chromosome #32
[1, 2][2, 0][1, 0][2, 2][1, 1][2, 1]
[0, 0][0, 0][0, 0][0, 0][0, 0][0, 0]
[0, 0][0, 0][0, 0][0, 0][0, 0][0, 0]
[1, 2][0, 0][0, 0][0, 0][1, 0][1, 1]
[2, 0][1, 0][2, 1][2, 2][1, 2][1, 1]
[0, 0][0, 0][0, 0][1, 0][1, 1][1, 2]
[0, 0][0, 0][0, 0][0, 0][0, 0][0, 0]
the fitness function value: 0.16687
the searching time: 00:00:07
______________________________________________________
chromosome #33
[2, 2][2, 0][1, 0][1, 1][1, 2][2, 1]
[0, 0][0, 0][0, 0][0, 0][0, 0][0, 0]
[1, 1][2, 1][2, 2][1, 2][1, 0][2, 0]
[1, 2][2, 0][2, 1][1, 0][2, 2][1, 1]
[0, 0][0, 0][0, 0][0, 0][0, 0][0, 0]
[0, 0][0, 0][0, 0][0, 0][0, 0][0, 0]
[0, 0][0, 0][0, 0][0, 0][0, 0][0, 0]
the fitness function value: 0.16687
the searching time: 00:00:07
______________________________________________________
chromosome #34
[0, 0][0, 0][1, 1][1, 2][1, 0][0, 0]
[0, 0][0, 0][0, 0][0, 0][0, 0][0, 0]
[0, 0][0, 0][0, 0][0, 0][0, 0][0, 0]
[1, 0][1, 2][0, 0][1, 1][0, 0][0, 0]
[1, 2][2, 1][1, 1][2, 2][1, 0][2, 0]
[0, 0][0, 0][1, 0][0, 0][1, 2][1, 1]
[2, 0][1, 0][2, 1][2, 2][1, 1][1, 2]
the fitness function value: 0.166279
the searching time: 00:00:07
______________________________________________________
chromosome #35
[0, 0][0, 0][0, 0][0, 0][0, 0][0, 0]
[1, 0][2, 2][1, 2][1, 1][2, 0][2, 1]
[0, 0][1, 1][1, 2][1, 0][0, 0][0, 0]
[0, 0][0, 0][0, 0][0, 0][0, 0][0, 0]
[1, 1][1, 0][1, 2][2, 2][2, 1][2, 0]
[0, 0][0, 0][0, 0][0, 0][0, 0][0, 0]
[2, 0][1, 1][2, 1][1, 2][2, 2][1, 0]
the fitness function value: 0.166279
the searching time: 00:00:07
______________________________________________________
chromosome #36
[2, 2][1, 1][1, 0][1, 2][2, 0][2, 1]
[0, 0][0, 0][0, 0][0, 0][0, 0][0, 0]
[2, 0][2, 1][2, 2][1, 1][1, 0][1, 2]
[0, 0][0, 0][0, 0][0, 0][0, 0][0, 0]
[0, 0][1, 1][0, 0][0, 0][1, 2][1, 0]
[1, 0][1, 2][0, 0][0, 0][0, 0][1, 1]
[0, 0][0, 0][0, 0][1, 0][1, 1][1, 2]
the fitness function value: 0.166279
the searching time: 00:00:07
______________________________________________________
chromosome #37
[0, 0][1, 0][1, 2][0, 0][1, 1][0, 0]
[2, 2][1, 1][2, 1][1, 0][1, 2][2, 0]
[0, 0][0, 0][0, 0][0, 0][0, 0][0, 0]
[0, 0][1, 1][0, 0][1, 2][0, 0][1, 0]
[1, 0][1, 1][0, 0][0, 0][0, 0][1, 2]
[1, 1][0, 0][1, 0][1, 2][0, 0][0, 0]
[1, 1][1, 2][2, 1][2, 0][1, 0][2, 2]
the fitness function value: 0.165841
the searching time: 00:00:07
______________________________________________________
chromosome #38
[1, 2][2, 0][2, 2][1, 0][2, 1][1, 1]
[2, 1][2, 2][1, 2][2, 0][1, 0][1, 1]
[0, 0][0, 0][1, 1][1, 0][1, 2][0, 0]
[1, 1][0, 0][0, 0][0, 0][1, 2][1, 0]
[1, 1][0, 0][1, 2][0, 0][0, 0][1, 0]
[0, 0][0, 0][0, 0][0, 0][0, 0][0, 0]
[1, 0][1, 2][0, 0][0, 0][0, 0][1, 1]
the fitness function value: 0.165841
the searching time: 00:00:07
______________________________________________________
chromosome #39
[1, 0][2, 1][2, 2][1, 1][1, 2][2, 0]
[0, 0][0, 0][0, 0][0, 0][0, 0][0, 0]
[0, 0][0, 0][1, 2][1, 0][0, 0][1, 1]
[0, 0][0, 0][0, 0][0, 0][0, 0][0, 0]
[1, 1][1, 2][0, 0][0, 0][1, 0][0, 0]
[1, 1][2, 1][1, 0][2, 2][1, 2][2, 0]
[1, 0][2, 1][1, 1][2, 0][1, 2][2, 2]
the fitness function value: 0.165841
the searching time: 00:00:07
______________________________________________________
chromosome #40
[0, 0][0, 0][1, 1][1, 0][1, 2][0, 0]
[2, 2][1, 0][1, 1][1, 2][2, 0][2, 1]
[1, 2][1, 0][2, 0][2, 1][2, 2][1, 1]
[0, 0][0, 0][0, 0][0, 0][0, 0][0, 0]
[2, 2][1, 0][1, 2][2, 0][1, 1][2, 1]
[0, 0][0, 0][0, 0][0, 0][0, 0][0, 0]
[1, 1][1, 0][1, 2][2, 0][2, 1][2, 2]
the fitness function value: 0.165503
the searching time: 00:00:07
______________________________________________________
chromosome #41
[1, 0][1, 1][0, 0][0, 0][1, 2][0, 0]
[1, 1][2, 1][2, 2][2, 0][1, 0][1, 2]
[2, 2][1, 1][2, 0][1, 2][2, 1][1, 0]
[2, 2][1, 2][1, 1][2, 0][2, 1][1, 0]
[0, 0][0, 0][0, 0][0, 0][0, 0][0, 0]
[2, 1][2, 2][1, 2][2, 0][1, 1][1, 0]
[0, 0][0, 0][0, 0][0, 0][0, 0][0, 0]
the fitness function value: 0.165503
the searching time: 00:00:07
______________________________________________________
chromosome #42
[1, 0][2, 2][2, 0][2, 1][1, 1][1, 2]
[1, 2][1, 1][1, 0][0, 0][0, 0][0, 0]
[2, 2][1, 1][1, 0][2, 0][1, 2][2, 1]
[1, 2][2, 0][1, 1][1, 0][2, 2][2, 1]
[0, 0][0, 0][0, 0][0, 0][0, 0][0, 0]
[1, 0][0, 0][1, 1][1, 2][0, 0][0, 0]
[0, 0][1, 0][1, 2][0, 0][1, 1][0, 0]
the fitness function value: 0.165503
the searching time: 00:00:07
______________________________________________________
chromosome #43
[1, 2][2, 1][2, 0][1, 0][2, 2][1, 1]
[0, 0][0, 0][0, 0][0, 0][0, 0][0, 0]
[1, 1][1, 0][1, 2][2, 1][2, 2][2, 0]
[1, 0][2, 0][2, 1][2, 2][1, 1][1, 2]
[2, 2][2, 1][1, 0][2, 0][1, 1][1, 2]
[2, 0][2, 1][2, 2][1, 1][1, 0][1, 2]
[0, 0][0, 0][0, 0][0, 0][0, 0][0, 0]
the fitness function value: 0.165235
the searching time: 00:00:07
______________________________________________________
chromosome #44
[0, 0][0, 0][0, 0][0, 0][0, 0][0, 0]
[1, 1][2, 0][1, 0][2, 1][2, 2][1, 2]
[0, 0][0, 0][0, 0][0, 0][0, 0][0, 0]
[0, 0][0, 0][0, 0][0, 0][0, 0][0, 0]
[1, 2][2, 1][2, 2][1, 0][1, 1][2, 0]
[0, 0][0, 0][0, 0][0, 0][0, 0][0, 0]
[0, 0][0, 0][0, 0][0, 0][0, 0][0, 0]
the fitness function value: 0.152733
the searching time: 00:00:07
______________________________________________________
chromosome #45
[0, 0][0, 0][0, 0][0, 0][0, 0][0, 0]
[2, 0][2, 2][1, 2][1, 0][1, 1][2, 1]
[0, 0][0, 0][0, 0][0, 0][0, 0][0, 0]
[0, 0][0, 0][1, 1][0, 0][1, 2][1, 0]
[0, 0][0, 0][0, 0][0, 0][0, 0][0, 0]
[0, 0][0, 0][0, 0][0, 0][0, 0][0, 0]
[0, 0][1, 0][1, 1][1, 2][0, 0][0, 0]
the fitness function value: 0.152733
the searching time: 00:00:07
______________________________________________________
chromosome #46
[1, 0][1, 2][0, 0][0, 0][0, 0][1, 1]
[0, 0][0, 0][0, 0][1, 0][1, 1][1, 2]
[0, 0][1, 0][0, 0][0, 0][1, 2][1, 1]
[0, 0][0, 0][0, 0][0, 0][0, 0][0, 0]
[0, 0][0, 0][0, 0][0, 0][0, 0][0, 0]
[0, 0][1, 0][1, 1][1, 2][0, 0][0, 0]
[0, 0][0, 0][1, 2][0, 0][1, 1][1, 0]
the fitness function value: 0.151458
the searching time: 00:00:07
______________________________________________________
chromosome #47
[0, 0][0, 0][0, 0][0, 0][0, 0][0, 0]
[2, 0][2, 1][2, 2][1, 1][1, 2][1, 0]
[1, 0][1, 2][2, 1][2, 0][2, 2][1, 1]
[1, 2][0, 0][0, 0][0, 0][1, 1][1, 0]
[1, 1][0, 0][1, 0][1, 2][0, 0][0, 0]
[2, 1][2, 2][1, 2][1, 0][2, 0][1, 1]
[0, 0][1, 0][1, 1][0, 0][1, 2][0, 0]
the fitness function value: 0.263003
the searching time: 00:00:08
______________________________________________________
chromosome #48
[1, 1][0, 0][1, 2][0, 0][0, 0][1, 0]
[1, 2][1, 0][2, 0][2, 1][2, 2][1, 1]
[0, 0][0, 0][0, 0][0, 0][0, 0][0, 0]
[0, 0][0, 0][0, 0][0, 0][0, 0][0, 0]
[2, 2][1, 0][1, 1][1, 2][2, 0][2, 1]
[0, 0][1, 1][1, 0][0, 0][1, 2][0, 0]
[1, 0][0, 0][1, 1][0, 0][1, 2][0, 0]
the fitness function value: 0.187946
the searching time: 00:00:08
______________________________________________________
chromosome #49
[0, 0][0, 0][0, 0][0, 0][0, 0][0, 0]
[1, 2][1, 1][1, 0][2, 0][2, 1][2, 2]
[1, 0][2, 0][2, 2][1, 2][1, 1][2, 1]
[0, 0][1, 2][1, 0][1, 1][0, 0][0, 0]
[1, 0][1, 1][2, 0][2, 1][2, 2][1, 2]
[0, 0][0, 0][0, 0][1, 2][1, 1][1, 0]
[0, 0][0, 0][0, 0][0, 0][0, 0][0, 0]
the fitness function value: 0.187508
the searching time: 00:00:08
______________________________________________________
chromosome #50
[2, 0][2, 1][2, 2][1, 2][1, 1][1, 0]
[1, 2][0, 0][0, 0][1, 1][0, 0][1, 0]
[0, 0][0, 0][0, 0][0, 0][0, 0][0, 0]
[1, 0][1, 1][2, 1][1, 2][2, 0][2, 2]
[0, 0][1, 0][1, 2][1, 1][0, 0][0, 0]
[2, 2][1, 2][2, 0][1, 1][2, 1][1, 0]
[1, 2][0, 0][1, 1][0, 0][1, 0][0, 0]
the fitness function value: 0.18717
the searching time: 00:00:08
______________________________________________________
chromosome #51
[1, 0][0, 0][0, 0][1, 1][1, 2][0, 0]
[1, 0][2, 0][2, 2][1, 1][2, 1][1, 2]
[0, 0][0, 0][0, 0][0, 0][0, 0][0, 0]
[2, 2][1, 2][1, 0][1, 1][2, 1][2, 0]
[1, 1][2, 2][1, 2][2, 1][2, 0][1, 0]
[1, 0][2, 2][1, 1][1, 2][2, 0][2, 1]
[0, 0][0, 0][0, 0][0, 0][0, 0][0, 0]
the fitness function value: 0.18717
the searching time: 00:00:08
______________________________________________________
chromosome #52
[2, 2][1, 1][1, 0][1, 2][2, 0][2, 1]
[0, 0][0, 0][0, 0][0, 0][0, 0][0, 0]
[2, 0][2, 1][2, 2][1, 1][1, 0][1, 2]
[0, 0][0, 0][0, 0][0, 0][0, 0][0, 0]
[1, 0][0, 0][1, 2][0, 0][0, 0][1, 1]
[1, 2][1, 1][2, 0][1, 0][2, 1][2, 2]
[1, 0][2, 1][1, 2][2, 2][2, 0][1, 1]
the fitness function value: 0.18717
the searching time: 00:00:08
______________________________________________________
chromosome #53
[1, 1][0, 0][0, 0][0, 0][1, 2][1, 0]
[2, 1][2, 2][1, 0][1, 2][1, 1][2, 0]
[1, 2][0, 0][0, 0][0, 0][1, 0][1, 1]
[0, 0][0, 0][0, 0][0, 0][0, 0][0, 0]
[2, 0][1, 1][2, 1][2, 2][1, 2][1, 0]
[1, 1][1, 2][2, 0][2, 1][1, 0][2, 2]
[1, 2][2, 0][2, 1][1, 0][2, 2][1, 1]
the fitness function value: 0.186902
the searching time: 00:00:08
______________________________________________________
chromosome #54
[1, 0][1, 2][2, 1][1, 1][2, 0][2, 2]
[2, 1][1, 2][1, 0][2, 0][2, 2][1, 1]
[0, 0][0, 0][1, 2][0, 0][1, 0][1, 1]
[1, 0][2, 0][1, 1][2, 1][2, 2][1, 2]
[1, 0][0, 0][1, 2][0, 0][0, 0][1, 1]
[1, 2][1, 1][2, 0][1, 0][2, 1][2, 2]
[0, 0][0, 0][0, 0][0, 0][0, 0][0, 0]
the fitness function value: 0.186902
the searching time: 00:00:08
______________________________________________________
chromosome #55
[0, 0][0, 0][0, 0][0, 0][0, 0][0, 0]
[0, 0][0, 0][0, 0][0, 0][0, 0][0, 0]
[0, 0][1, 0][1, 1][1, 2][0, 0][0, 0]
[1, 2][2, 1][2, 2][1, 1][1, 0][2, 0]
[0, 0][0, 0][0, 0][0, 0][0, 0][0, 0]
[1, 0][0, 0][1, 1][1, 2][0, 0][0, 0]
[0, 0][0, 0][0, 0][1, 0][1, 2][1, 1]
the fitness function value: 0.167708
the searching time: 00:00:08
______________________________________________________
chromosome #56
[0, 0][0, 0][0, 0][0, 0][0, 0][0, 0]
[1, 0][1, 1][2, 2][2, 0][1, 2][2, 1]
[0, 0][0, 0][0, 0][0, 0][0, 0][0, 0]
[0, 0][0, 0][1, 1][0, 0][1, 2][1, 0]
[0, 0][0, 0][0, 0][0, 0][0, 0][0, 0]
[2, 0][2, 1][1, 1][2, 2][1, 0][1, 2]
[0, 0][1, 0][1, 2][1, 1][0, 0][0, 0]
the fitness function value: 0.16687
the searching time: 00:00:08
______________________________________________________
chromosome #57
[1, 2][2, 0][1, 0][2, 2][1, 1][2, 1]
[0, 0][0, 0][0, 0][0, 0][0, 0][0, 0]
[0, 0][0, 0][0, 0][0, 0][0, 0][0, 0]
[1, 2][0, 0][0, 0][0, 0][1, 0][1, 1]
[2, 0][1, 0][2, 1][2, 2][1, 2][1, 1]
[0, 0][0, 0][0, 0][1, 0][1, 1][1, 2]
[0, 0][0, 0][0, 0][0, 0][0, 0][0, 0]
the fitness function value: 0.16687
the searching time: 00:00:08
______________________________________________________
chromosome #58
[0, 0][1, 0][1, 2][0, 0][1, 1][0, 0]
[2, 2][1, 1][2, 1][1, 0][1, 2][2, 0]
[0, 0][0, 0][0, 0][0, 0][0, 0][0, 0]
[0, 0][1, 1][0, 0][1, 2][0, 0][1, 0]
[1, 0][1, 1][0, 0][0, 0][0, 0][1, 2]
[1, 1][0, 0][1, 0][1, 2][0, 0][0, 0]
[0, 0][0, 0][0, 0][0, 0][0, 0][0, 0]
the fitness function value: 0.16687
the searching time: 00:00:08
______________________________________________________
chromosome #59
[0, 0][0, 0][0, 0][0, 0][0, 0][0, 0]
[1, 2][2, 0][1, 0][2, 2][1, 1][2, 1]
[1, 2][2, 0][2, 1][1, 1][2, 2][1, 0]
[1, 2][0, 0][1, 0][1, 1][0, 0][0, 0]
[0, 0][0, 0][0, 0][0, 0][0, 0][0, 0]
[2, 1][2, 2][1, 2][2, 0][1, 1][1, 0]
[0, 0][0, 0][0, 0][0, 0][0, 0][0, 0]
the fitness function value: 0.166279
the searching time: 00:00:08
______________________________________________________
chromosome #60
[0, 0][0, 0][1, 1][1, 2][1, 0][0, 0]
[0, 0][0, 0][0, 0][0, 0][0, 0][0, 0]
[0, 0][0, 0][0, 0][0, 0][0, 0][0, 0]
[1, 0][1, 2][0, 0][1, 1][0, 0][0, 0]
[1, 2][2, 1][1, 1][2, 2][1, 0][2, 0]
[0, 0][0, 0][1, 0][0, 0][1, 2][1, 1]
[2, 0][1, 0][2, 1][2, 2][1, 1][1, 2]
the fitness function value: 0.166279
the searching time: 00:00:08
______________________________________________________
chromosome #61
[0, 0][0, 0][0, 0][0, 0][0, 0][0, 0]
[1, 0][2, 2][1, 2][1, 1][2, 0][2, 1]
[0, 0][1, 1][1, 2][1, 0][0, 0][0, 0]
[0, 0][0, 0][0, 0][0, 0][0, 0][0, 0]
[1, 1][1, 0][1, 2][2, 2][2, 1][2, 0]
[0, 0][0, 0][0, 0][0, 0][0, 0][0, 0]
[2, 0][1, 1][2, 1][1, 2][2, 2][1, 0]
the fitness function value: 0.166279
the searching time: 00:00:08
______________________________________________________
chromosome #62
[0, 0][0, 0][1, 1][1, 0][1, 2][0, 0]
[2, 2][1, 0][1, 1][1, 2][2, 0][2, 1]
[1, 2][1, 0][2, 0][2, 1][2, 2][1, 1]
[0, 0][0, 0][0, 0][0, 0][0, 0][0, 0]
[2, 2][1, 0][1, 2][2, 0][1, 1][2, 1]
[0, 0][0, 0][0, 0][0, 0][0, 0][0, 0]
[1, 1][1, 0][1, 2][2, 0][2, 1][2, 2]
the fitness function value: 0.165503
the searching time: 00:00:08
______________________________________________________
chromosome #63
[1, 2][1, 0][2, 0][2, 1][2, 2][1, 1]
[2, 0][1, 0][1, 1][2, 1][2, 2][1, 2]
[0, 0][0, 0][0, 0][1, 0][1, 2][1, 1]
[1, 1][2, 2][2, 0][2, 1][1, 2][1, 0]
[1, 1][0, 0][0, 0][1, 2][0, 0][1, 0]
[2, 1][2, 2][1, 0][1, 1][2, 0][1, 2]
[1, 1][1, 0][1, 2][0, 0][0, 0][0, 0]
the fitness function value: 0.165018
the searching time: 00:00:08
______________________________________________________
chromosome #64
[1, 1][1, 2][2, 1][2, 2][1, 0][2, 0]
[1, 0][1, 1][1, 2][0, 0][0, 0][0, 0]
[1, 2][2, 1][2, 0][2, 2][1, 0][1, 1]
[1, 1][1, 2][0, 0][1, 0][0, 0][0, 0]
[1, 1][1, 2][2, 0][2, 1][2, 2][1, 0]
[2, 1][2, 2][1, 0][1, 1][1, 2][2, 0]
[1, 1][1, 2][1, 0][2, 1][2, 0][2, 2]
the fitness function value: 0.164837
the searching time: 00:00:08
______________________________________________________
chromosome #65
[1, 0][1, 1][0, 0][0, 0][1, 2][0, 0]
[1, 0][1, 2][0, 0][0, 0][0, 0][1, 1]
[0, 0][1, 0][0, 0][1, 2][0, 0][1, 1]
[0, 0][0, 0][0, 0][0, 0][0, 0][0, 0]
[0, 0][0, 0][0, 0][0, 0][0, 0][0, 0]
[0, 0][0, 0][0, 0][0, 0][0, 0][0, 0]
[0, 0][1, 0][1, 1][1, 2][0, 0][0, 0]
the fitness function value: 0.152733
the searching time: 00:00:08
______________________________________________________
chromosome #66
[0, 0][0, 0][0, 0][0, 0][0, 0][0, 0]
[2, 0][2, 1][1, 0][2, 2][1, 1][1, 2]
[0, 0][1, 2][0, 0][0, 0][1, 1][1, 0]
[0, 0][0, 0][1, 1][0, 0][1, 0][1, 2]
[0, 0][0, 0][0, 0][0, 0][0, 0][0, 0]
[0, 0][0, 0][0, 0][0, 0][0, 0][0, 0]
[0, 0][0, 0][0, 0][0, 0][0, 0][0, 0]
the fitness function value: 0.152733
the searching time: 00:00:08
______________________________________________________
chromosome #67
[0, 0][0, 0][0, 0][0, 0][0, 0][0, 0]
[0, 0][0, 0][0, 0][0, 0][0, 0][0, 0]
[0, 0][0, 0][0, 0][0, 0][0, 0][0, 0]
[1, 0][2, 1][2, 2][1, 2][2, 0][1, 1]
[0, 0][0, 0][0, 0][0, 0][0, 0][0, 0]
[1, 0][0, 0][1, 1][1, 2][0, 0][0, 0]
[0, 0][1, 0][1, 2][0, 0][1, 1][0, 0]
the fitness function value: 0.152733
the searching time: 00:00:08
______________________________________________________
chromosome #68
[0, 0][0, 0][0, 0][0, 0][0, 0][0, 0]
[0, 0][0, 0][1, 0][1, 1][1, 2][0, 0]
[2, 0][1, 2][2, 2][2, 1][1, 0][1, 1]
[0, 0][0, 0][0, 0][0, 0][0, 0][0, 0]
[0, 0][1, 2][1, 1][0, 0][1, 0][0, 0]
[0, 0][0, 0][0, 0][0, 0][0, 0][0, 0]
[0, 0][0, 0][0, 0][1, 0][1, 2][1, 1]
the fitness function value: 0.151458
the searching time: 00:00:08
______________________________________________________
chromosome #69
[1, 0][1, 2][0, 0][0, 0][0, 0][1, 1]
[0, 0][0, 0][0, 0][1, 0][1, 1][1, 2]
[0, 0][1, 0][0, 0][0, 0][1, 2][1, 1]
[0, 0][0, 0][0, 0][0, 0][0, 0][0, 0]
[0, 0][0, 0][0, 0][0, 0][0, 0][0, 0]
[0, 0][1, 0][1, 1][1, 2][0, 0][0, 0]
[0, 0][0, 0][1, 2][0, 0][1, 1][1, 0]
the fitness function value: 0.151458
the searching time: 00:00:08
______________________________________________________
chromosome #70
[0, 0][0, 0][0, 0][0, 0][0, 0][0, 0]
[2, 1][2, 0][1, 1][2, 2][1, 0][1, 2]
[0, 0][0, 0][0, 0][0, 0][0, 0][0, 0]
[0, 0][0, 0][0, 0][0, 0][0, 0][0, 0]
[0, 0][0, 0][1, 1][1, 2][0, 0][1, 0]
[0, 0][0, 0][0, 0][0, 0][0, 0][0, 0]
[1, 0][1, 2][2, 0][2, 1][2, 2][1, 1]
the fitness function value: 0.151458
the searching time: 00:00:08
______________________________________________________
chromosome #71
[0, 0][0, 0][0, 0][0, 0][0, 0][0, 0]
[0, 0][0, 0][0, 0][0, 0][0, 0][0, 0]
[0, 0][0, 0][0, 0][0, 0][0, 0][0, 0]
[0, 0][1, 2][1, 0][0, 0][0, 0][1, 1]
[2, 1][2, 2][1, 1][2, 0][1, 2][1, 0]
[0, 0][0, 0][0, 0][0, 0][0, 0][0, 0]
[2, 1][2, 2][1, 0][1, 1][2, 0][1, 2]
the fitness function value: 0.151458
the searching time: 00:00:08
______________________________________________________
chromosome #72
[1, 1][2, 0][1, 2][1, 0][2, 1][2, 2]
[2, 2][1, 2][2, 0][1, 0][2, 1][1, 1]
[1, 2][1, 0][2, 0][2, 1][2, 2][1, 1]
[2, 0][1, 1][2, 1][1, 0][2, 2][1, 2]
[1, 0][0, 0][1, 1][0, 0][1, 2][0, 0]
[0, 0][0, 0][1, 1][0, 0][1, 0][1, 2]
[0, 0][0, 0][0, 0][0, 0][0, 0][0, 0]
the fitness function value: 0.217235
the searching time: 00:00:10
______________________________________________________
chromosome #73
[0, 0][0, 0][0, 0][0, 0][0, 0][0, 0]
[2, 0][2, 1][2, 2][1, 1][1, 2][1, 0]
[1, 0][1, 2][2, 1][2, 0][2, 2][1, 1]
[1, 2][0, 0][0, 0][0, 0][1, 1][1, 0]
[1, 1][0, 0][1, 0][1, 2][0, 0][0, 0]
[2, 1][2, 2][1, 2][1, 0][2, 0][1, 1]
[0, 0][0, 0][0, 0][0, 0][0, 0][0, 0]
the fitness function value: 0.187508
the searching time: 00:00:10
______________________________________________________
chromosome #74
[1, 1][0, 0][1, 2][0, 0][0, 0][1, 0]
[1, 2][1, 0][2, 0][2, 1][2, 2][1, 1]
[0, 0][0, 0][0, 0][0, 0][0, 0][0, 0]
[0, 0][0, 0][0, 0][0, 0][0, 0][0, 0]
[2, 2][1, 0][1, 1][1, 2][2, 0][2, 1]
[0, 0][1, 1][1, 0][0, 0][1, 2][0, 0]
[2, 0][2, 2][1, 2][1, 0][1, 1][2, 1]
the fitness function value: 0.187508
the searching time: 00:00:10
______________________________________________________
chromosome #75
[1, 0][0, 0][0, 0][1, 1][1, 2][0, 0]
[1, 0][2, 0][2, 2][1, 1][2, 1][1, 2]
[0, 0][0, 0][0, 0][0, 0][0, 0][0, 0]
[2, 2][1, 2][1, 0][1, 1][2, 1][2, 0]
[1, 1][2, 2][1, 2][2, 1][2, 0][1, 0]
[1, 0][2, 2][1, 1][1, 2][2, 0][2, 1]
[0, 0][0, 0][0, 0][0, 0][0, 0][0, 0]
the fitness function value: 0.18717
the searching time: 00:00:10
______________________________________________________
chromosome #76
[1, 1][0, 0][0, 0][0, 0][1, 2][1, 0]
[2, 1][2, 2][1, 0][1, 2][1, 1][2, 0]
[1, 2][0, 0][0, 0][0, 0][1, 0][1, 1]
[0, 0][0, 0][0, 0][0, 0][0, 0][0, 0]
[2, 0][1, 1][2, 1][2, 2][1, 2][1, 0]
[1, 1][1, 2][2, 0][2, 1][1, 0][2, 2]
[1, 2][2, 0][2, 1][1, 0][2, 2][1, 1]
the fitness function value: 0.186902
the searching time: 00:00:10
______________________________________________________
chromosome #77
[0, 0][0, 0][0, 0][0, 0][0, 0][0, 0]
[0, 0][0, 0][0, 0][0, 0][0, 0][0, 0]
[0, 0][0, 0][0, 0][0, 0][0, 0][0, 0]
[1, 2][0, 0][0, 0][0, 0][1, 0][1, 1]
[2, 0][1, 0][2, 1][2, 2][1, 2][1, 1]
[0, 0][0, 0][0, 0][1, 0][1, 1][1, 2]
[0, 0][0, 0][0, 0][0, 0][0, 0][0, 0]
the fitness function value: 0.168983
the searching time: 00:00:10
______________________________________________________
chromosome #78
[0, 0][0, 0][0, 0][0, 0][0, 0][0, 0]
[0, 0][1, 1][0, 0][1, 0][0, 0][1, 2]
[0, 0][0, 0][0, 0][0, 0][0, 0][0, 0]
[1, 0][2, 1][2, 2][1, 2][2, 0][1, 1]
[1, 2][0, 0][1, 1][0, 0][0, 0][1, 0]
[0, 0][0, 0][0, 0][0, 0][0, 0][0, 0]
[0, 0][0, 0][0, 0][0, 0][0, 0][0, 0]
the fitness function value: 0.168983
the searching time: 00:00:10
______________________________________________________
chromosome #79
[0, 0][0, 0][0, 0][0, 0][0, 0][0, 0]
[0, 0][0, 0][0, 0][0, 0][0, 0][0, 0]
[0, 0][1, 0][1, 1][1, 2][0, 0][0, 0]
[1, 2][2, 1][2, 2][1, 1][1, 0][2, 0]
[0, 0][0, 0][0, 0][0, 0][0, 0][0, 0]
[1, 0][0, 0][1, 1][1, 2][0, 0][0, 0]
[1, 2][1, 0][0, 0][0, 0][0, 0][1, 1]
the fitness function value: 0.167708
the searching time: 00:00:10
______________________________________________________
chromosome #80
[1, 1][0, 0][0, 0][1, 2][0, 0][1, 0]
[2, 1][2, 0][1, 1][2, 2][1, 0][1, 2]
[0, 0][0, 0][0, 0][0, 0][0, 0][0, 0]
[0, 0][0, 0][0, 0][0, 0][0, 0][0, 0]
[0, 0][0, 0][1, 1][1, 2][0, 0][1, 0]
[0, 0][0, 0][0, 0][0, 0][0, 0][0, 0]
[1, 0][1, 2][2, 0][2, 1][2, 2][1, 1]
the fitness function value: 0.16687
the searching time: 00:00:10
______________________________________________________
chromosome #81
[0, 0][0, 0][0, 0][0, 0][0, 0][0, 0]
[1, 0][2, 1][2, 2][1, 2][2, 0][1, 1]
[1, 1][1, 2][0, 0][0, 0][0, 0][1, 0]
[0, 0][0, 0][0, 0][0, 0][0, 0][0, 0]
[1, 0][1, 1][2, 0][2, 1][2, 2][1, 2]
[0, 0][0, 0][0, 0][1, 2][1, 1][1, 0]
[0, 0][0, 0][0, 0][0, 0][0, 0][0, 0]
the fitness function value: 0.16687
the searching time: 00:00:10
______________________________________________________
chromosome #82
[0, 0][0, 0][0, 0][0, 0][0, 0][0, 0]
[1, 0][1, 1][2, 2][2, 0][1, 2][2, 1]
[0, 0][0, 0][0, 0][0, 0][0, 0][0, 0]
[0, 0][0, 0][1, 1][0, 0][1, 2][1, 0]
[0, 0][0, 0][0, 0][0, 0][0, 0][0, 0]
[2, 0][2, 1][1, 1][2, 2][1, 0][1, 2]
[0, 0][1, 0][1, 2][1, 1][0, 0][0, 0]
the fitness function value: 0.16687
the searching time: 00:00:10
______________________________________________________
chromosome #83
[1, 0][1, 2][0, 0][0, 0][0, 0][1, 1]
[0, 0][0, 0][0, 0][1, 0][1, 1][1, 2]
[0, 0][1, 0][0, 0][0, 0][1, 2][1, 1]
[0, 0][0, 0][0, 0][0, 0][0, 0][0, 0]
[0, 0][0, 0][1, 0][1, 2][1, 1][0, 0]
[1, 1][0, 0][0, 0][1, 0][1, 2][0, 0]
[0, 0][0, 0][1, 0][1, 1][0, 0][1, 2]
the fitness function value: 0.16687
the searching time: 00:00:10
______________________________________________________
chromosome #84
[0, 0][0, 0][1, 1][1, 2][1, 0][0, 0]
[0, 0][0, 0][0, 0][0, 0][0, 0][0, 0]
[0, 0][0, 0][0, 0][0, 0][0, 0][0, 0]
[1, 0][1, 2][0, 0][1, 1][0, 0][0, 0]
[1, 2][2, 1][1, 1][2, 2][1, 0][2, 0]
[0, 0][0, 0][1, 0][0, 0][1, 2][1, 1]
[2, 0][1, 0][2, 1][2, 2][1, 1][1, 2]
the fitness function value: 0.166279
the searching time: 00:00:10
______________________________________________________
chromosome #85
[0, 0][0, 0][0, 0][0, 0][0, 0][0, 0]
[1, 0][2, 2][1, 2][1, 1][2, 0][2, 1]
[0, 0][1, 1][1, 2][1, 0][0, 0][0, 0]
[0, 0][0, 0][0, 0][0, 0][0, 0][0, 0]
[1, 1][1, 0][1, 2][2, 2][2, 1][2, 0]
[0, 0][0, 0][0, 0][0, 0][0, 0][0, 0]
[2, 0][1, 1][2, 1][1, 2][2, 2][1, 0]
the fitness function value: 0.166279
the searching time: 00:00:10
______________________________________________________
chromosome #86
[2, 2][1, 1][1, 0][1, 2][2, 0][2, 1]
[0, 0][0, 0][0, 0][0, 0][0, 0][0, 0]
[2, 0][2, 1][2, 2][1, 1][1, 0][1, 2]
[0, 0][0, 0][0, 0][0, 0][0, 0][0, 0]
[0, 0][1, 1][0, 0][0, 0][1, 2][1, 0]
[1, 0][1, 2][0, 0][0, 0][0, 0][1, 1]
[0, 0][0, 0][0, 0][1, 0][1, 1][1, 2]
the fitness function value: 0.166279
the searching time: 00:00:10
______________________________________________________
chromosome #87
[2, 2][2, 0][1, 2][1, 0][1, 1][2, 1]
[0, 0][0, 0][0, 0][0, 0][0, 0][0, 0]
[1, 1][0, 0][0, 0][1, 0][0, 0][1, 2]
[0, 0][0, 0][0, 0][0, 0][0, 0][0, 0]
[0, 0][1, 2][0, 0][0, 0][1, 1][1, 0]
[2, 0][2, 2][1, 2][2, 1][1, 1][1, 0]
[1, 0][1, 1][1, 2][2, 0][2, 2][2, 1]
the fitness function value: 0.165841
the searching time: 00:00:10
______________________________________________________
chromosome #88
[1, 0][1, 2][2, 1][1, 1][2, 0][2, 2]
[2, 1][1, 2][1, 0][2, 0][2, 2][1, 1]
[0, 0][0, 0][1, 2][0, 0][1, 0][1, 1]
[1, 0][2, 0][1, 1][2, 1][2, 2][1, 2]
[1, 0][0, 0][1, 2][0, 0][0, 0][1, 1]
[0, 0][0, 0][0, 0][0, 0][0, 0][0, 0]
[0, 0][0, 0][0, 0][0, 0][0, 0][0, 0]
the fitness function value: 0.165841
the searching time: 00:00:10
______________________________________________________
chromosome #89
[0, 0][0, 0][0, 0][0, 0][0, 0][0, 0]
[1, 1][2, 0][1, 0][2, 1][2, 2][1, 2]
[1, 1][0, 0][0, 0][1, 0][0, 0][1, 2]
[0, 0][0, 0][0, 0][0, 0][0, 0][0, 0]
[0, 0][1, 2][0, 0][0, 0][1, 1][1, 0]
[2, 0][2, 2][1, 2][2, 1][1, 1][1, 0]
[1, 0][1, 1][1, 2][2, 0][2, 2][2, 1]
the fitness function value: 0.165841
the searching time: 00:00:10
______________________________________________________
chromosome #90
[0, 0][1, 0][1, 2][0, 0][1, 1][0, 0]
[2, 2][1, 1][2, 1][1, 0][1, 2][2, 0]
[0, 0][0, 0][0, 0][0, 0][0, 0][0, 0]
[0, 0][1, 1][0, 0][1, 2][0, 0][1, 0]
[1, 0][1, 1][0, 0][0, 0][0, 0][1, 2]
[1, 1][0, 0][1, 0][1, 2][0, 0][0, 0]
[1, 1][1, 2][2, 1][2, 0][1, 0][2, 2]
the fitness function value: 0.165841
the searching time: 00:00:10
______________________________________________________
chromosome #91
[1, 2][2, 0][2, 2][1, 0][2, 1][1, 1]
[2, 1][2, 2][1, 2][2, 0][1, 0][1, 1]
[0, 0][0, 0][1, 1][1, 0][1, 2][0, 0]
[1, 1][0, 0][0, 0][0, 0][1, 2][1, 0]
[1, 1][0, 0][1, 2][0, 0][0, 0][1, 0]
[0, 0][0, 0][0, 0][0, 0][0, 0][0, 0]
[1, 0][1, 2][0, 0][0, 0][0, 0][1, 1]
the fitness function value: 0.165841
the searching time: 00:00:10
______________________________________________________
chromosome #92
[1, 1][1, 2][2, 1][2, 2][1, 0][2, 0]
[1, 0][1, 1][1, 2][0, 0][0, 0][0, 0]
[1, 2][2, 1][2, 0][2, 2][1, 0][1, 1]
[1, 1][1, 2][0, 0][1, 0][0, 0][0, 0]
[0, 0][1, 2][0, 0][0, 0][1, 1][1, 0]
[0, 0][0, 0][0, 0][0, 0][0, 0][0, 0]
[1, 2][0, 0][1, 1][0, 0][0, 0][1, 0]
the fitness function value: 0.165841
the searching time: 00:00:10
______________________________________________________
chromosome #93
[2, 2][2, 0][1, 0][1, 1][1, 2][2, 1]
[0, 0][0, 0][0, 0][0, 0][0, 0][0, 0]
[1, 1][1, 0][1, 2][2, 1][2, 2][2, 0]
[0, 0][0, 0][0, 0][0, 0][0, 0][0, 0]
[0, 0][1, 2][0, 0][0, 0][1, 1][1, 0]
[2, 0][2, 2][1, 2][2, 1][1, 1][1, 0]
[1, 0][1, 1][1, 2][2, 0][2, 2][2, 1]
the fitness function value: 0.165503
the searching time: 00:00:10
______________________________________________________
chromosome #94
[0, 0][0, 0][0, 0][0, 0][0, 0][0, 0]
[2, 0][2, 1][1, 0][2, 2][1, 1][1, 2]
[0, 0][1, 2][0, 0][0, 0][1, 1][1, 0]
[0, 0][0, 0][0, 0][0, 0][0, 0][0, 0]
[1, 0][1, 1][1, 2][2, 1][2, 2][2, 0]
[1, 1][1, 2][2, 0][2, 1][2, 2][1, 0]
[1, 2][1, 1][2, 2][1, 0][2, 0][2, 1]
the fitness function value: 0.165503
the searching time: 00:00:10
______________________________________________________
chromosome #95
[0, 0][0, 0][1, 1][1, 0][1, 2][0, 0]
[2, 2][1, 0][1, 1][1, 2][2, 0][2, 1]
[1, 2][1, 0][2, 0][2, 1][2, 2][1, 1]
[0, 0][0, 0][0, 0][0, 0][0, 0][0, 0]
[2, 2][1, 0][1, 2][2, 0][1, 1][2, 1]
[0, 0][0, 0][0, 0][0, 0][0, 0][0, 0]
[1, 1][1, 0][1, 2][2, 0][2, 1][2, 2]
the fitness function value: 0.165503
the searching time: 00:00:10
______________________________________________________
chromosome #96
[0, 0][0, 0][0, 0][0, 0][0, 0][0, 0]
[2, 2][1, 0][2, 1][1, 1][1, 2][2, 0]
[1, 0][2, 0][2, 2][1, 2][1, 1][2, 1]
[0, 0][1, 2][1, 0][1, 1][0, 0][0, 0]
[1, 1][1, 2][2, 0][2, 1][2, 2][1, 0]
[2, 0][2, 1][1, 1][1, 0][2, 2][1, 2]
[0, 0][1, 1][0, 0][1, 2][0, 0][1, 0]
the fitness function value: 0.165235
the searching time: 00:00:10
______________________________________________________
chromosome #97
[0, 0][1, 0][1, 2][0, 0][1, 1][0, 0]
[1, 1][1, 2][2, 0][2, 1][2, 2][1, 0]
[1, 0][1, 1][0, 0][0, 0][1, 2][0, 0]
[1, 0][1, 1][1, 2][2, 0][2, 1][2, 2]
[0, 0][1, 2][0, 0][0, 0][1, 1][1, 0]
[2, 0][2, 2][1, 2][2, 1][1, 1][1, 0]
[1, 0][1, 1][1, 2][2, 0][2, 2][2, 1]
the fitness function value: 0.165018
the searching time: 00:00:10
______________________________________________________
chromosome #98
[0, 0][0, 0][0, 0][0, 0][0, 0][0, 0]
[0, 0][0, 0][0, 0][0, 0][0, 0][0, 0]
[0, 0][0, 0][0, 0][0, 0][0, 0][0, 0]
[1, 0][2, 1][2, 2][1, 2][2, 0][1, 1]
[0, 0][0, 0][0, 0][0, 0][0, 0][0, 0]
[1, 0][0, 0][1, 1][1, 2][0, 0][0, 0]
[0, 0][1, 0][1, 2][0, 0][1, 1][0, 0]
the fitness function value: 0.152733
the searching time: 00:00:10
______________________________________________________
chromosome #99
[0, 0][0, 0][0, 0][0, 0][0, 0][0, 0]
[2, 0][2, 2][1, 2][1, 0][1, 1][2, 1]
[0, 0][0, 0][0, 0][0, 0][0, 0][0, 0]
[0, 0][0, 0][1, 1][0, 0][1, 2][1, 0]
[0, 0][0, 0][0, 0][0, 0][0, 0][0, 0]
[0, 0][0, 0][0, 0][0, 0][0, 0][0, 0]
[0, 0][1, 0][1, 1][1, 2][0, 0][0, 0]
the fitness function value: 0.152733
the searching time: 00:00:10
______________________________________________________

    