The Complete Best Results are saved in 20200325_191833.txt 

    Inputed Truth Table:
------------------------
    inputs
    X  Y  C1  A1  A2  A3
0  0  0   0   1   0   1
1  0  0   1   1   0   1
2  0  1   0   1   0   1
3  0  1   1   1   0   1
4  1  0   0   1   0   1
5  1  0   1   1   0   1
6  1  1   0   1   0   1
7  1  1   1   1   0   1
	outputs
    S  C2  P    G1    G2    G3
0  0   0  0  None  None  None
1  1   0  0  None  None  None
2  1   0  1  None  None  None
3  0   1  1  None  None  None
4  1   0  1  None  None  None
5  0   1  1  None  None  None
6  0   1  0  None  None  None
7  1   1  0  None  None  None

    Configurations:
-------------------
generation size: 1000
chromosome size: 7
crossover probability: 0.6
mutation probability: 0.04
memorised number: 10
alpha: 0.91
betta: 0.03
gamma: 0.03
lambda: 0.03
process time: 3600
iterations limit: 400

    Results:
------------
                                              chromosome     value            time
0  [[[0, 0], [1, 2], [0, 0], [0, 0], [1, 1], [1, ...  0.339174 00:00:00.346068
1  [[[0, 0], [0, 0], [0, 0], [0, 0], [0, 0], [0, ...  0.263779 00:00:00.346068
2  [[[0, 0], [0, 0], [0, 0], [0, 0], [0, 0], [0, ...  0.220983 00:00:00.346068
3  [[[0, 0], [1, 1], [1, 2], [1, 0], [0, 0], [0, ...  0.218870 00:00:00.346068
4  [[[0, 0], [1, 0], [1, 2], [0, 0], [1, 1], [0, ...  0.218279 00:00:00.346068
5  [[[2, 0], [1, 0], [1, 1], [1, 2], [2, 1], [2, ...  0.217841 00:00:00.346068
6  [[[0, 0], [1, 0], [0, 0], [1, 1], [1, 2], [0, ...  0.217841 00:00:00.346068
7  [[[1, 0], [1, 1], [0, 0], [0, 0], [1, 2], [0, ...  0.217841 00:00:00.346068
9  [[[2, 0], [1, 0], [1, 1], [1, 2], [2, 1], [2, ...  0.217841 00:00:14.674819
8  [[[0, 0], [0, 0], [1, 0], [1, 1], [1, 2], [0, ...  0.217503 00:00:00.346068______________________________________________________

    