The Complete Best Results are saved in 20200312_104007.txt 

    Inputed Truth Table:
------------------------
    inputs
    X  Y  C1  A1  A2
0  0  0   0   1   0
1  0  0   1   1   0
2  0  1   0   1   0
3  0  1   1   1   0
4  1  0   0   1   0
5  1  0   1   1   0
6  1  1   0   1   0
7  1  1   1   1   0
	outputs
    S  C2  P    G1    G2
0  0   0  0  None  None
1  1   0  0  None  None
2  1   0  1  None  None
3  0   1  1  None  None
4  1   0  1  None  None
5  0   1  1  None  None
6  0   1  0  None  None
7  1   1  0  None  None

    Configurations:
-------------------
generation size: 2000
chromosome size: 10
crossover probability: 0.6
mutation probability: 0.02
memorised number: 10
iterations limit: 1000
alpha: 0.91
betta: 0.03
gamma: 0.03
lambda: 0.03
process time: 1200

    Results:
------------
    chromosome #0
[0, 0][0, 0][0, 0][0, 0][0, 0]
[0, 0][1, 0][1, 1][0, 0][1, 2]
[0, 0][0, 0][0, 0][0, 0][0, 0]
[0, 0][0, 0][0, 0][0, 0][0, 0]
[1, 0][1, 2][1, 1][0, 0][0, 0]
[1, 0][0, 0][1, 1][1, 2][0, 0]
[0, 0][0, 0][0, 0][0, 0][0, 0]
[1, 1][1, 2][0, 0][1, 0][0, 0]
[0, 0][0, 0][0, 0][0, 0][0, 0]
[0, 0][1, 0][1, 2][0, 0][1, 1]
the fitness function value: 0.494165
the searching time: 00:00:13
______________________________________________________
chromosome #1
[0, 0][0, 0][0, 0][0, 0][0, 0]
[0, 0][1, 0][1, 1][0, 0][1, 2]
[0, 0][0, 0][0, 0][0, 0][0, 0]
[0, 0][0, 0][0, 0][0, 0][0, 0]
[1, 0][1, 2][1, 1][0, 0][0, 0]
[1, 0][0, 0][1, 1][1, 2][0, 0]
[0, 0][0, 0][0, 0][0, 0][0, 0]
[1, 1][1, 2][0, 0][1, 0][0, 0]
[0, 0][0, 0][0, 0][0, 0][0, 0]
[0, 0][1, 0][1, 2][0, 0][1, 1]
the fitness function value: 0.494165
the searching time: 00:02:01
______________________________________________________
chromosome #2
[0, 0][0, 0][0, 0][0, 0][0, 0]
[0, 0][1, 0][1, 1][0, 0][1, 2]
[0, 0][0, 0][0, 0][0, 0][0, 0]
[0, 0][0, 0][0, 0][0, 0][0, 0]
[1, 0][1, 2][1, 1][0, 0][0, 0]
[1, 0][0, 0][1, 1][1, 2][0, 0]
[0, 0][0, 0][0, 0][0, 0][0, 0]
[1, 1][1, 2][0, 0][1, 0][0, 0]
[0, 0][0, 0][0, 0][0, 0][0, 0]
[0, 0][1, 0][1, 2][0, 0][1, 1]
the fitness function value: 0.494165
the searching time: 00:02:01
______________________________________________________
chromosome #3
[0, 0][0, 0][0, 0][0, 0][0, 0]
[0, 0][1, 0][1, 1][0, 0][1, 2]
[0, 0][0, 0][0, 0][0, 0][0, 0]
[0, 0][0, 0][0, 0][0, 0][0, 0]
[1, 0][1, 2][1, 1][0, 0][0, 0]
[1, 0][0, 0][1, 1][1, 2][0, 0]
[0, 0][0, 0][0, 0][0, 0][0, 0]
[1, 1][1, 2][0, 0][1, 0][0, 0]
[0, 0][0, 0][0, 0][0, 0][0, 0]
[0, 0][1, 0][1, 2][0, 0][1, 1]
the fitness function value: 0.494165
the searching time: 00:02:12
______________________________________________________
chromosome #4
[0, 0][0, 0][0, 0][0, 0][0, 0]
[0, 0][1, 0][1, 1][0, 0][1, 2]
[0, 0][0, 0][0, 0][0, 0][0, 0]
[0, 0][0, 0][0, 0][0, 0][0, 0]
[1, 0][1, 2][1, 1][0, 0][0, 0]
[1, 0][0, 0][1, 1][1, 2][0, 0]
[0, 0][0, 0][0, 0][0, 0][0, 0]
[1, 1][1, 2][0, 0][1, 0][0, 0]
[0, 0][0, 0][0, 0][0, 0][0, 0]
[0, 0][1, 0][1, 2][0, 0][1, 1]
the fitness function value: 0.494165
the searching time: 00:02:13
______________________________________________________
chromosome #5
[0, 0][0, 0][0, 0][0, 0][0, 0]
[0, 0][1, 0][1, 1][0, 0][1, 2]
[0, 0][0, 0][0, 0][0, 0][0, 0]
[0, 0][0, 0][0, 0][0, 0][0, 0]
[1, 0][1, 2][1, 1][0, 0][0, 0]
[1, 0][0, 0][1, 1][1, 2][0, 0]
[0, 0][0, 0][0, 0][0, 0][0, 0]
[1, 1][1, 2][0, 0][1, 0][0, 0]
[0, 0][0, 0][0, 0][0, 0][0, 0]
[0, 0][1, 0][1, 2][0, 0][1, 1]
the fitness function value: 0.494165
the searching time: 00:02:14
______________________________________________________
chromosome #6
[0, 0][0, 0][0, 0][0, 0][0, 0]
[0, 0][1, 0][1, 1][0, 0][1, 2]
[0, 0][0, 0][0, 0][0, 0][0, 0]
[0, 0][0, 0][0, 0][0, 0][0, 0]
[1, 0][1, 2][1, 1][0, 0][0, 0]
[1, 0][0, 0][1, 1][1, 2][0, 0]
[0, 0][0, 0][0, 0][0, 0][0, 0]
[1, 1][1, 2][0, 0][1, 0][0, 0]
[0, 0][0, 0][0, 0][0, 0][0, 0]
[0, 0][1, 0][1, 2][0, 0][1, 1]
the fitness function value: 0.494165
the searching time: 00:02:16
______________________________________________________
chromosome #7
[0, 0][1, 0][0, 0][1, 1][1, 2]
[1, 0][0, 0][0, 0][1, 1][1, 2]
[0, 0][1, 0][1, 1][1, 2][0, 0]
[0, 0][0, 0][0, 0][0, 0][0, 0]
[0, 0][0, 0][0, 0][0, 0][0, 0]
[0, 0][0, 0][0, 0][0, 0][0, 0]
[0, 0][1, 1][1, 2][1, 0][0, 0]
[1, 0][1, 2][0, 0][1, 1][0, 0]
[0, 0][0, 0][0, 0][0, 0][0, 0]
[0, 0][0, 0][0, 0][0, 0][0, 0]
the fitness function value: 0.494165
the searching time: 00:03:03
______________________________________________________
chromosome #8
[0, 0][0, 0][0, 0][0, 0][0, 0]
[0, 0][0, 0][0, 0][0, 0][0, 0]
[0, 0][1, 0][0, 0][1, 1][1, 2]
[1, 0][1, 2][0, 0][1, 1][0, 0]
[0, 0][0, 0][1, 0][1, 2][1, 1]
[0, 0][0, 0][0, 0][0, 0][0, 0]
[0, 0][0, 0][0, 0][0, 0][0, 0]
[0, 0][1, 0][1, 2][0, 0][1, 1]
[0, 0][0, 0][0, 0][0, 0][0, 0]
[0, 0][0, 0][1, 0][1, 1][1, 2]
the fitness function value: 0.494165
the searching time: 00:10:30
______________________________________________________
chromosome #9
[0, 0][0, 0][0, 0][0, 0][0, 0]
[0, 0][1, 0][1, 1][0, 0][1, 2]
[0, 0][0, 0][0, 0][0, 0][0, 0]
[0, 0][0, 0][0, 0][0, 0][0, 0]
[1, 0][1, 2][1, 1][0, 0][0, 0]
[1, 0][0, 0][1, 1][1, 2][0, 0]
[0, 0][0, 0][0, 0][0, 0][0, 0]
[1, 1][1, 2][0, 0][1, 0][0, 0]
[0, 0][0, 0][0, 0][0, 0][0, 0]
[0, 0][1, 0][1, 2][0, 0][1, 1]
the fitness function value: 0.494165
the searching time: 00:10:31
______________________________________________________

    